FeatureID/C:nImages/I:ImagePosition[10][2]/I:ExpectedWorldPosition[3]/D:RecoWorldPosition[3]/D:ReprojectedPosition[10][2]/D:ReprojectionError[10]/D
02426-00	4	0	0	0	0	0	0	0	0	0	0	3416	1971	0	0	2735	1994	1891	1995	863	2044	-653.0	1559.0	212.0	-652.0152129280976	1552.792833890356	212.55925327430054	0.0	0.0	0.0	0.0	0.0	0.0	0.0	0.0	0.0	0.0	3415.0983714667836	1976.2386986548397	0.0	0.0	2736.474122935647	1995.9257952728562	1891.562189112021	1998.4856482441924	862.2388437501002	2034.25768003902	0.0	0.0	0.0	0.0	0.0	5.315721739155395	0.0	2.425226971307129	3.530694022414907	9.772008854829757
02682-00	6	0	0	0	0	3465	1687	2583	1696	2984	1688	1819	1699	2181	1716	1113	1688	0	0	0	0	-966.0	1387.0	279.0	-964.769244325739	1386.6513022187794	278.609300203834	0.0	0.0	0.0	0.0	3462.177263261289	1686.1413878286737	2584.9368323199574	1695.8706201176876	2985.5763770072717	1688.2771478015557	1821.8162850894337	1696.070602271382	2178.4919311170725	1717.3734532447793	1111.6061062993367	1690.2558872789873	0.0	0.0	0.0	0.0	0.0	0.0	2.9504334523620717	1.9411487808971863	1.600554707894145	4.063598498547592	2.8595075340177325	2.651785636933257	0.0	0.0
02430-00	2	0	0	0	0	0	0	0	0	0	0	0	0	0	0	2716	753	1878	728	0	0	-653.0	1559.0	491.0	-653.6704318627678	1557.2305603712848	490.1276187531164	0.0	0.0	0.0	0.0	0.0	0.0	0.0	0.0	0.0	0.0	0.0	0.0	0.0	0.0	2715.22046840893	746.7321233799518	1878.9712756023237	734.1431518713858	0.0	0.0	0.0	0.0	0.0	0.0	0.0	0.0	0.0	6.316165516009157	6.219460684864928	0.0
02427-00	3	0	0	0	0	0	0	0	0	0	0	0	0	0	0	2737	1687	1885	1689	856	1705	-653.0	1559.0	279.0	-652.7609875054175	1553.4714577632187	279.2698162873026	0.0	0.0	0.0	0.0	0.0	0.0	0.0	0.0	0.0	0.0	0.0	0.0	0.0	0.0	2736.5262504800894	1689.2395307587947	1886.0110064617513	1690.0326422264209	855.498370328866	1701.9791250501112	0.0	0.0	0.0	0.0	0.0	0.0	0.0	2.289090786142603	1.445158826389124	3.062240648581976
03089-00	3	2894	2021	1778	2014	765	2024	0	0	0	0	0	0	0	0	0	0	0	0	0	0	-1368.0	992.0	212.0	-1370.6133059851227	991.9790521232416	210.85175205409328	2894.4834760279673	2021.3437683691645	1777.0327623007654	2014.1139792606339	765.5566503668631	2023.4952374068375	0.0	0.0	0.0	0.0	0.0	0.0	0.0	0.0	0.0	0.0	0.0	0.0	0.0	0.0	0.5932333109806642	0.9739302021578802	0.7514285770350488	0.0	0.0	0.0	0.0	0.0	0.0	0.0
02273-00	2	0	0	0	0	0	0	0	0	0	0	0	0	0	0	0	0	2836	1986	1902	2042	-456.0	1627.0	212.0	-461.39042959417804	1638.5618493320844	212.3483415772418	0.0	0.0	0.0	0.0	0.0	0.0	0.0	0.0	0.0	0.0	0.0	0.0	0.0	0.0	0.0	0.0	2836.0553866383334	1979.4458264228765	1901.8364681222868	2047.7787876987138	0.0	0.0	0.0	0.0	0.0	0.0	0.0	0.0	6.554407597851207	5.781101101160099
03242-00	2	1888	2030	785	1999	0	0	0	0	0	0	0	0	0	0	0	0	0	0	0	0	-1480.0	816.0	212.0	-1480.179064292266	813.0072555866695	211.7188815177525	1888.2305054889284	2031.0462272590016	784.8294970741392	1997.8977165140286	0.0	0.0	0.0	0.0	0.0	0.0	0.0	0.0	0.0	0.0	0.0	0.0	0.0	0.0	0.0	0.0	1.0713189337933817	1.1153923664667562	0.0	0.0	0.0	0.0	0.0	0.0	0.0	0.0
03294-00	2	1526	1708	472	1674	0	0	0	0	0	0	0	0	0	0	0	0	0	0	0	0	-1515.0	750.0	279.0	-1530.8920288490872	753.3579912353334	278.8754367312652	1526.7957636569165	1706.7069302515306	471.2240742685317	1675.2866956182704	0.0	0.0	0.0	0.0	0.0	0.0	0.0	0.0	0.0	0.0	0.0	0.0	0.0	0.0	0.0	0.0	1.5183112895832214	1.5025466231804285	0.0	0.0	0.0	0.0	0.0	0.0	0.0	0.0
02581-00	5	0	0	0	0	0	0	3255	1306	0	0	2480	1326	2834	1380	1763	1330	914	1341	0	0	-845.0	1464.0	357.0	-839.5290809061268	1453.9051045488545	357.333304530474	0.0	0.0	0.0	0.0	0.0	0.0	3254.992349224719	1315.3570811939303	0.0	0.0	2477.4823965183637	1324.2887352332189	2836.7786713591136	1376.0990236972289	1761.8624525887783	1324.5665150050922	915.0371314006169	1342.4923200475387	0.0	0.0	0.0	0.0	0.0	9.357084321740745	0.0	3.044134424228659	4.789429051227296	5.551285734193923	1.8173223892395536	0.0
03088-00	3	2893	2344	1782	2341	793	2348	0	0	0	0	0	0	0	0	0	0	0	0	0	0	-1368.0	992.0	145.0	-1373.4804230322702	995.986543188361	140.62380196502167	2890.9084259001133	2346.4557140281136	1786.9178254477883	2342.6839088184865	790.0446081120406	2343.7986070028483	0.0	0.0	0.0	0.0	0.0	0.0	0.0	0.0	0.0	0.0	0.0	0.0	0.0	0.0	3.2257113328985922	5.198130052614246	5.136734792446663	0.0	0.0	0.0	0.0	0.0	0.0	0.0
03190-00	2	2225	2355	1113	2329	0	0	0	0	0	0	0	0	0	0	0	0	0	0	0	0	-1446.0	875.0	145.0	-1445.6094081014153	873.4180140952941	142.66991037922958	2225.2023160279427	2355.63409742967	1112.8425912221078	2328.3194432707733	0.0	0.0	0.0	0.0	0.0	0.0	0.0	0.0	0.0	0.0	0.0	0.0	0.0	0.0	0.0	0.0	0.6655909595814714	0.6985234320001834	0.0	0.0	0.0	0.0	0.0	0.0	0.0	0.0
02989-00	3	0	0	2491	1297	1439	1323	0	0	1038	1336	0	0	0	0	0	0	0	0	0	0	-1279.0	1104.0	357.0	-1286.5492207480302	1112.5668302210838	358.697356632914	0.0	0.0	2487.2105060376452	1298.6847196958943	1448.8799576169695	1324.170180449708	0.0	0.0	1031.4731953542214	1332.9937398879626	0.0	0.0	0.0	0.0	0.0	0.0	0.0	0.0	0.0	0.0	0.0	4.147112844432525	9.949014262628827	0.0	7.185873554786787	0.0	0.0	0.0	0.0	0.0
02324-00	2	0	0	0	0	0	0	0	0	0	0	0	0	0	0	0	0	2528	1990	1558	2043	-522.0	1607.0	212.0	-526.976571130877	1617.8698700493956	211.31144058531913	0.0	0.0	0.0	0.0	0.0	0.0	0.0	0.0	0.0	0.0	0.0	0.0	0.0	0.0	0.0	0.0	2528.116980043301	1987.5704502170695	1557.8841780361154	2045.1772749419733	0.0	0.0	0.0	0.0	0.0	0.0	0.0	0.0	2.432364380241649	2.180353388848489
02634-00	3	0	0	0	0	0	0	0	0	0	0	2159	727	2530	790	1468	746	0	0	0	0	-904.0	1428.0	491.0	-900.3694946777349	1425.387693939492	489.83365136536554	0.0	0.0	0.0	0.0	0.0	0.0	0.0	0.0	0.0	0.0	2155.7166912213643	738.6630241997948	2534.851528770536	787.3881187485415	1466.3828340488867	737.0201215321006	0.0	0.0	0.0	0.0	0.0	0.0	0.0	0.0	0.0	12.11636290397681	5.509923328237679	9.124332469374616	0.0	0.0
02786-00	5	0	0	0	0	2793	991	1925	1011	2310	999	1178	1024	1589	1055	0	0	0	0	0	0	-1077.0	1302.0	424.0	-1073.3042655688848	1300.1881691460308	424.14899165391273	0.0	0.0	0.0	0.0	2792.414694546977	992.5984131574588	1924.79837273497	1010.7933645349499	2311.56778710364	998.5656352471021	1180.896578082104	1024.6297049466925	1585.0849290426268	1053.274362863795	0.0	0.0	0.0	0.0	0.0	0.0	0.0	0.0	1.7022065371969268	0.2887070650676699	1.626846379010662	2.964235635980138	4.278504893898958	0.0	0.0	0.0
02889-00	2	0	0	0	0	2106	702	1274	714	0	0	0	0	0	0	0	0	0	0	0	0	-1184.0	1206.0	491.0	-1184.8574753169567	1210.5158118593097	493.0378949672021	0.0	0.0	0.0	0.0	2105.4510780899527	695.4432057926618	1274.6070174229071	720.7649579898645	0.0	0.0	0.0	0.0	0.0	0.0	0.0	0.0	0.0	0.0	0.0	0.0	0.0	0.0	6.579731418584894	6.792137127321838	0.0	0.0	0.0	0.0	0.0	0.0
02838-00	5	0	0	0	0	2453	703	1616	733	1983	702	892	739	1320	776	0	0	0	0	0	0	-1129.0	1257.0	491.0	-1132.122561619928	1263.5192487658812	492.23079691109353	0.0	0.0	0.0	0.0	2451.4096362862447	699.8012623090752	1612.6196152062548	722.8674803778941	1990.7382674456896	714.630429300159	890.9785242801437	739.048719013894	1318.358453344491	776.6940399246632	0.0	0.0	0.0	0.0	0.0	0.0	0.0	0.0	3.5722793224175904	10.681524013273759	14.812445016516852	1.0226368801147239	1.7822364711899137	0.0	0.0	0.0
02429-00	2	0	0	0	0	0	0	0	0	0	0	0	0	0	0	2734	1027	1881	1026	0	0	-653.0	1559.0	424.0	-650.7335240351147	1550.8201424913473	423.2450619078206	0.0	0.0	0.0	0.0	0.0	0.0	0.0	0.0	0.0	0.0	0.0	0.0	0.0	0.0	2733.3188300511065	1030.1451596995917	1881.5829734620643	1022.8658913693037	0.0	0.0	0.0	0.0	0.0	0.0	0.0	0.0	0.0	3.218077381793527	3.187866836377663	0.0
02276-00	2	0	0	0	0	0	0	0	0	0	0	0	0	0	0	0	0	2829	1014	1903	974	-456.0	1627.0	424.0	-459.4093232072863	1633.9550014531753	422.9146233356181	0.0	0.0	0.0	0.0	0.0	0.0	0.0	0.0	0.0	0.0	0.0	0.0	0.0	0.0	0.0	0.0	2828.915533918681	1023.4175654485961	1902.995845336235	965.6440188812549	0.0	0.0	0.0	0.0	0.0	0.0	0.0	0.0	9.41794422883698	8.355982151611887
02326-00	2	0	0	0	0	0	0	0	0	0	0	0	0	0	0	0	0	2523	1327	1553	1312	-522.0	1607.0	357.0	-526.31202333081	1615.304013933111	356.46923347226766	0.0	0.0	0.0	0.0	0.0	0.0	0.0	0.0	0.0	0.0	0.0	0.0	0.0	0.0	0.0	0.0	2523.359716831741	1328.274310579896	1552.7166488673934	1310.8338899730038	0.0	0.0	0.0	0.0	0.0	0.0	0.0	0.0	1.3241086258585284	1.2000418573577043
02940-00	2	0	0	2809	667	1783	702	0	0	0	0	0	0	0	0	0	0	0	0	0	0	-1232.0	1157.0	491.0	-1234.8698280544077	1161.9871121537788	492.97194530972126	0.0	0.0	2809.687138524314	666.296334905949	1782.2953361846228	702.7624518043942	0.0	0.0	0.0	0.0	0.0	0.0	0.0	0.0	0.0	0.0	0.0	0.0	0.0	0.0	0.0	0.9835160985881545	1.0382118505998645	0.0	0.0	0.0	0.0	0.0	0.0	0.0
02629-00	4	0	0	0	0	0	0	2929	2317	0	0	2172	2305	2488	2322	1454	2299	0	0	0	0	-904.0	1428.0	145.0	-899.5820814002528	1423.160500356837	146.65856072483254	0.0	0.0	0.0	0.0	0.0	0.0	2928.2444973410898	2317.6567497729798	0.0	0.0	2171.1097144693877	2302.4001241274664	2489.7272595539666	2325.5285356170225	1453.7095503952905	2297.5154806596056	0.0	0.0	0.0	0.0	0.0	0.0	0.0	1.0010517129146843	0.0	2.7480834919267303	3.928611608108564	1.5126660718350589	0.0	0.0
03140-00	3	2570	2025	1448	2008	465	2019	0	0	0	0	0	0	0	0	0	0	0	0	0	0	-1408.0	935.0	212.0	-1412.1007925291465	937.6300069100465	210.85851247327446	2568.6102410939693	2024.0919230506584	1451.6044900303477	2008.410435410215	462.6682280843163	2019.506935688564	0.0	0.0	0.0	0.0	0.0	0.0	0.0	0.0	0.0	0.0	0.0	0.0	0.0	0.0	1.6601305860736566	3.6277824638247855	2.38624057025085	0.0	0.0	0.0	0.0	0.0	0.0	0.0
02734-00	6	0	0	0	0	3136	1312	2259	1325	2655	1313	1502	1336	1884	1355	806	1329	0	0	0	0	-1022.0	1346.0	357.0	-1018.9524200955426	1344.856901721792	356.7716388679161	0.0	0.0	0.0	0.0	3135.99862955294	1311.6058985047896	2259.77067950949	1325.0971086496766	2653.8771139093697	1312.6585022844167	1502.516427132974	1333.5336439411774	1883.4356709666135	1356.6116561486506	806.2844409217021	1330.6629729316428	0.0	0.0	0.0	0.0	0.0	0.0	0.39410387799693386	0.7767734522946883	1.1736668446708776	2.519843088877324	1.707601475580915	1.6871234718642756	0.0	0.0
02379-00	3	0	0	0	0	0	0	0	0	0	0	0	0	0	0	3012	753	2189	717	1211	645	-589.0	1584.0	491.0	-590.3179741871645	1583.8279378659586	491.7908025235936	0.0	0.0	0.0	0.0	0.0	0.0	0.0	0.0	0.0	0.0	0.0	0.0	0.0	0.0	3012.2450169812237	744.7066727123056	2188.8997890341607	721.9165813307122	1211.194687400349	647.9074860057714	0.0	0.0	0.0	0.0	0.0	0.0	0.0	8.296945873145411	4.917602486901775	2.9139969213455
02580-00	5	0	0	0	0	0	0	3252	1691	0	0	2481	1690	2825	1740	1761	1694	919	1701	0	0	-845.0	1464.0	279.0	-841.46555231937	1456.6443441007475	278.76787399660896	0.0	0.0	0.0	0.0	0.0	0.0	3254.2040131554436	1692.6061938945477	0.0	0.0	2478.939470931091	1689.8579562731818	2824.245406170109	1739.1923360334035	1759.802815555545	1691.9133563637315	920.8480126135067	1702.3610444276237	0.0	0.0	0.0	0.0	0.0	2.7271840451738267	0.0	2.0654191981648102	1.105320284373564	2.4056874815371714	2.2951236467008838	0.0
02478-00	4	0	0	0	0	0	0	0	0	0	0	3106	1684	0	0	2403	1692	1547	1695	500	1707	-721.0	1528.0	279.0	-716.4794011756949	1516.0148871610681	278.66978185919714	0.0	0.0	0.0	0.0	0.0	0.0	0.0	0.0	0.0	0.0	3105.9562554610957	1683.15687191811	0.0	0.0	2405.908352318903	1693.167133434794	1542.131252358527	1697.8197703950457	502.0422651693518	1704.0791703878215	0.0	0.0	0.0	0.0	0.0	0.844262131778641	0.0	3.133801791033053	5.626349498309239	3.563999529366771
02991-00	2	0	0	2478	648	1443	686	0	0	0	0	0	0	0	0	0	0	0	0	0	0	-1279.0	1104.0	491.0	-1272.0468587102948	1099.2786733255605	492.5314618929884	0.0	0.0	2477.670416569933	646.4728920525355	1443.3606383808815	687.5847918686516	0.0	0.0	0.0	0.0	0.0	0.0	0.0	0.0	0.0	0.0	0.0	0.0	0.0	0.0	0.0	1.5622688374873366	1.6253077581519548	0.0	0.0	0.0	0.0	0.0	0.0	0.0
03092-00	2	2884	990	1782	972	0	0	0	0	0	0	0	0	0	0	0	0	0	0	0	0	-1368.0	992.0	424.0	-1364.6238451650213	988.5566074519311	425.06078527988967	2884.0730627522075	989.7678899877271	1781.9505595365863	972.2363853001386	0.0	0.0	0.0	0.0	0.0	0.0	0.0	0.0	0.0	0.0	0.0	0.0	0.0	0.0	0.0	0.0	0.24333767393778358	0.24150024750338187	0.0	0.0	0.0	0.0	0.0	0.0	0.0	0.0
02323-00	2	0	0	0	0	0	0	0	0	0	0	0	0	0	0	0	0	2531	2293	1565	2372	-522.0	1607.0	145.0	-525.4104620616922	1616.3152741787778	143.89411714599058	0.0	0.0	0.0	0.0	0.0	0.0	0.0	0.0	0.0	0.0	0.0	0.0	0.0	0.0	0.0	0.0	2530.4757370796037	2287.512535003032	1565.3078017500438	2376.9713612854634	0.0	0.0	0.0	0.0	0.0	0.0	0.0	0.0	5.512451696173886	4.98088094095159
02836-00	5	0	0	0	0	2469	1320	1601	1332	1990	1321	863	1338	1280	1341	0	0	0	0	0	0	-1129.0	1257.0	357.0	-1130.5087562355575	1260.5550276170445	356.9922410888292	0.0	0.0	0.0	0.0	2468.4739794550123	1318.9099933779626	1602.1458547472225	1330.5286684031935	1990.4063972932895	1322.7759269109388	862.7966203433004	1337.5951280234535	1279.090682102436	1342.3125467061427	0.0	0.0	0.0	0.0	0.0	0.0	0.0	0.0	1.210294199702938	1.8648859936987128	1.8218329102828243	0.45308343839945936	1.5967585586544975	0.0	0.0	0.0
02274-00	2	0	0	0	0	0	0	0	0	0	0	0	0	0	0	0	0	2839	1682	1901	1706	-456.0	1627.0	279.0	-460.5800841205918	1635.9052016565156	278.89999444019327	0.0	0.0	0.0	0.0	0.0	0.0	0.0	0.0	0.0	0.0	0.0	0.0	0.0	0.0	0.0	0.0	2839.5528902674378	1679.053631623768	1900.5350963869957	1708.567393748214	0.0	0.0	0.0	0.0	0.0	0.0	0.0	0.0	2.9977948989694045	2.609146609095198
03090-00	3	2897	1697	1780	1686	763	1703	0	0	0	0	0	0	0	0	0	0	0	0	0	0	-1368.0	992.0	279.0	-1370.1836243855694	992.3039985774574	278.4722372437348	2897.180932406859	1696.1872386816058	1779.734594245919	1685.4320974134241	763.1120064325971	1704.397645516468	0.0	0.0	0.0	0.0	0.0	0.0	0.0	0.0	0.0	0.0	0.0	0.0	0.0	0.0	0.8326568900391785	0.6268600817877132	1.4021263961020374	0.0	0.0	0.0	0.0	0.0	0.0	0.0
02325-00	2	0	0	0	0	0	0	0	0	0	0	0	0	0	0	0	0	2532	1682	1556	1704	-522.0	1607.0	279.0	-525.3653232598633	1615.1539969154846	279.19478219312936	0.0	0.0	0.0	0.0	0.0	0.0	0.0	0.0	0.0	0.0	0.0	0.0	0.0	0.0	0.0	0.0	2532.288575444276	1681.2008452135724	1555.78069992532	1704.6993976310105	0.0	0.0	0.0	0.0	0.0	0.0	0.0	0.0	0.8496612028974839	0.7329731025199281
03139-00	2	2570	2348	1453	2333	0	0	0	0	0	0	0	0	0	0	0	0	0	0	0	0	-1408.0	935.0	145.0	-1407.6417350818901	935.0346621255501	143.13279952880376	2570.1424315428844	2348.0999109389086	1452.8760273086027	2332.865175787524	0.0	0.0	0.0	0.0	0.0	0.0	0.0	0.0	0.0	0.0	0.0	0.0	0.0	0.0	0.0	0.0	0.17397971181155358	0.18315784581074984	0.0	0.0	0.0	0.0	0.0	0.0	0.0	0.0
02378-00	3	0	0	0	0	0	0	0	0	0	0	0	0	0	0	3024	1039	2195	1021	1206	976	-589.0	1584.0	424.0	-591.3916524990359	1586.8848470101188	424.5035978108097	0.0	0.0	0.0	0.0	0.0	0.0	0.0	0.0	0.0	0.0	0.0	0.0	0.0	0.0	3023.3422095181686	1038.254850683595	2196.046172513069	1022.0144714525994	1205.6176384161608	975.7100180076715	0.0	0.0	0.0	0.0	0.0	0.0	0.0	0.9939496072371966	1.4572677362929167	0.4798853370033455
02480-00	4	0	0	0	0	0	0	0	0	0	0	3074	1035	0	0	2403	1022	1545	1027	513	977	-721.0	1528.0	424.0	-717.5254874841382	1518.1607096197738	424.013902389249	0.0	0.0	0.0	0.0	0.0	0.0	0.0	0.0	0.0	0.0	3080.5297630095492	1024.7189583839554	0.0	0.0	2398.5589094193715	1021.6018441203806	1538.7179786824927	1024.4775913310405	518.0233445709364	989.1251348188904	0.0	0.0	0.0	0.0	0.0	12.179393321168284	0.0	4.458902740565512	6.769515294824187	13.124514659774057
02885-00	5	0	0	3164	2017	2111	2026	1257	2016	1644	2004	0	0	939	1970	0	0	0	0	0	0	-1184.0	1206.0	212.0	-1185.1087574091528	1208.4679724186326	210.55078347131473	0.0	0.0	3163.7636293548608	2019.5642151482036	2112.1014430927507	2026.6374307384353	1255.417097099134	2015.469669388609	1643.8148229878761	2006.8681165071573	0.0	0.0	940.2535153620349	1963.84779189509	0.0	0.0	0.0	0.0	0.0	0.0	0.0	2.5750864855690767	1.2725937422722713	1.6693807687128506	2.8740881726988423	0.0	6.278611735804131	0.0	0.0	0.0
02631-00	5	0	0	0	0	0	0	2934	1690	3345	1682	2165	1688	2514	1722	1447	1686	0	0	0	0	-904.0	1428.0	279.0	-901.3974720842515	1424.8682562554704	279.79296707650406	0.0	0.0	0.0	0.0	0.0	0.0	2934.450263112204	1688.966868061779	3344.3142923077303	1681.213587092684	2165.1575252663174	1687.9380731256285	2513.693875143174	1723.819433047823	1447.2435448166798	1686.148390511711	0.0	0.0	0.0	0.0	0.0	0.0	0.0	1.1269864559895988	1.0433792695041246	0.16926058991327325	1.8450065158359308	0.2851908513565558	0.0	0.0
03091-00	3	2892	1313	1780	1299	763	1328	0	0	0	0	0	0	0	0	0	0	0	0	0	0	-1368.0	992.0	357.0	-1368.0830331124803	990.7701401133352	357.7678796720648	2891.9942488634074	1313.009247377079	1780.160557450957	1298.2419158937437	762.8687913575236	1328.774136402908	0.0	0.0	0.0	0.0	0.0	0.0	0.0	0.0	0.0	0.0	0.0	0.0	0.0	0.0	0.010889883146635452	0.7749001272526923	0.7851769725149802	0.0	0.0	0.0	0.0	0.0	0.0	0.0
02630-00	5	0	0	0	0	0	0	2934	2004	3342	2007	2169	1999	2504	2027	1452	1994	0	0	0	0	-904.0	1428.0	212.0	-901.6600165318341	1426.5671757233176	212.87481698318092	0.0	0.0	0.0	0.0	0.0	0.0	2933.1501171211003	2005.7515603944007	3342.145482276672	2006.7665641259832	2169.3018356030775	1997.307445716569	2504.154726008541	2026.9753641884595	1452.1512851309667	1994.1303590997895	0.0	0.0	0.0	0.0	0.0	0.0	0.0	1.9468602217622302	0.27505890297097274	1.719257029546749	0.15667501692750457	0.19970149160571565	0.0	0.0
02936-00	4	0	0	2835	2015	1783	2021	943	2009	1329	1999	0	0	0	0	0	0	0	0	0	0	-1232.0	1157.0	212.0	-1231.2709228913222	1157.805253504038	211.97142215058562	0.0	0.0	2835.478362466397	2014.6088143476727	1782.155721152836	2022.539243497971	941.0886748763068	2008.526848149124	1331.3443443237927	1998.2624705449266	0.0	0.0	0.0	0.0	0.0	0.0	0.0	0.0	0.0	0.0	0.0	0.617945680334492	1.7555846085605897	1.9690191473036704	2.457620801832531	0.0	0.0	0.0	0.0	0.0
02987-00	3	0	0	2486	2020	1441	2028	0	0	1014	2000	0	0	0	0	0	0	0	0	0	0	-1279.0	1104.0	212.0	-1278.382377872176	1104.0920239826792	210.88160811973512	0.0	0.0	2486.7489380999127	2020.1817413747067	1439.5010345622088	2028.3297196677413	0.0	0.0	1014.8101149774449	1999.4407063816113	0.0	0.0	0.0	0.0	0.0	0.0	0.0	0.0	0.0	0.0	0.0	0.7706738640833447	1.5348004570588165	0.0	0.9844265479205575	0.0	0.0	0.0	0.0	0.0
03142-00	3	2562	1318	1444	1302	448	1330	0	0	0	0	0	0	0	0	0	0	0	0	0	0	-1408.0	935.0	357.0	-1406.9224570339309	933.1566233265819	357.4843222970495	2561.776316681953	1316.8586272787238	1444.700379183685	1300.6894024313524	447.54077751070236	1332.5297184614035	0.0	0.0	0.0	0.0	0.0	0.0	0.0	0.0	0.0	0.0	0.0	0.0	0.0	0.0	1.1630846554081258	1.4860003323971336	2.5710621907379774	0.0	0.0	0.0	0.0	0.0	0.0	0.0
02374-00	2	0	0	0	0	0	0	0	0	0	0	0	0	0	0	0	0	2206	2302	1213	2379	-589.0	1584.0	145.0	-592.5345583200203	1588.50801400728	141.68822865991464	0.0	0.0	0.0	0.0	0.0	0.0	0.0	0.0	0.0	0.0	0.0	0.0	0.0	0.0	0.0	0.0	2206.256882291649	2303.7205360064936	1212.8894715910903	2377.4387832914517	0.0	0.0	0.0	0.0	0.0	0.0	0.0	0.0	1.7396070422379535	1.5651243210129993
03141-00	2	2569	1697	1445	1681	0	0	0	0	0	0	0	0	0	0	0	0	0	0	0	0	-1408.0	935.0	279.0	-1408.0500818162325	934.4170989461338	279.159749173184	2569.1228266454286	1697.0823206480304	1444.9003953815954	1680.9012920085484	0.0	0.0	0.0	0.0	0.0	0.0	0.0	0.0	0.0	0.0	0.0	0.0	0.0	0.0	0.0	0.0	0.14786167156974342	0.14022962448760792	0.0	0.0	0.0	0.0	0.0	0.0	0.0	0.0
02986-00	3	0	0	2482	2349	1447	2348	0	0	1022	2297	0	0	0	0	0	0	0	0	0	0	-1279.0	1104.0	145.0	-1276.6733198413006	1102.9656434175856	143.7416759019923	0.0	0.0	2482.7033167814116	2346.658813742378	1445.6757187693067	2347.170558486376	0.0	0.0	1022.5857343238322	2300.394069002672	0.0	0.0	0.0	0.0	0.0	0.0	0.0	0.0	0.0	0.0	0.0	2.444546499433834	1.5625920780834015	0.0	3.4442399877207057	0.0	0.0	0.0	0.0	0.0
03040-00	3	3247	1315	2150	1300	1110	1327	0	0	0	0	0	0	0	0	0	0	0	0	0	0	-1323.0	1051.0	357.0	-1321.752674959651	1050.4583990811407	356.9620319603196	3247.51291831061	1313.1755634045549	2149.035344163408	1300.3020162334842	1110.5131520140249	1328.528843464313	0.0	0.0	0.0	0.0	0.0	0.0	0.0	0.0	0.0	0.0	0.0	0.0	0.0	0.0	1.8951659779973316	1.0108287136598342	1.6126646669008344	0.0	0.0	0.0	0.0	0.0	0.0	0.0
02582-00	5	0	0	0	0	0	0	3247	1000	0	0	2474	1023	2836	1080	1764	1024	932	1048	0	0	-845.0	1464.0	424.0	-840.5543846961828	1457.9400261054773	423.8842384265514	0.0	0.0	0.0	0.0	0.0	0.0	3242.6741077673196	1004.8822691492257	0.0	0.0	2471.3286056792485	1025.2798468516273	2841.373909594228	1077.2922064757	1769.3847352705666	1023.2490079751503	928.0082848402453	1044.374193428874	0.0	0.0	0.0	0.0	0.0	6.523028104664756	0.0	3.511986515324082	6.0175618066768	5.4368523021571535	5.392611909625645	0.0
02632-00	5	0	0	0	0	0	0	2933	1322	3341	1303	2166	1331	2523	1374	1450	1330	0	0	0	0	-904.0	1428.0	357.0	-900.4827891990864	1423.9857538425065	356.73902629892154	0.0	0.0	0.0	0.0	0.0	0.0	2932.8649488556866	1321.933308438286	3341.3037217505553	1304.2484997837214	2163.2684036902187	1330.8475207888594	2525.2428835115556	1373.0325943143591	1450.2861989387868	1329.9562595198342	0.0	0.0	0.0	0.0	0.0	0.0	0.0	0.1506206359838903	1.2849119081527491	2.735848736578949	2.442621584899812	0.28952212725079784	0.0	0.0
02935-00	4	0	0	2827	2338	1789	2343	951	2323	1337	2302	0	0	0	0	0	0	0	0	0	0	-1232.0	1157.0	145.0	-1230.336097816422	1157.292935988344	144.42782981055817	0.0	0.0	2828.4358595177864	2342.073008493905	1786.3341957659072	2343.0986591331384	951.1154928933338	2317.0797316917833	1338.2276091594758	2303.4859883939025	0.0	0.0	0.0	0.0	0.0	0.0	0.0	0.0	0.0	0.0	0.0	4.318690860230724	2.667629254423971	5.921394721658533	1.927481713335289	0.0	0.0	0.0	0.0	0.0
02224-00	2	0	0	0	0	0	0	0	0	0	0	0	0	0	0	0	0	3163	1316	2269	1310	-384.0	1646.0	357.0	-389.49884617671535	1644.5219017134623	355.344178886213	0.0	0.0	0.0	0.0	0.0	0.0	0.0	0.0	0.0	0.0	0.0	0.0	0.0	0.0	0.0	0.0	3163.944842928312	1322.6420631739902	2268.2574608979817	1304.2130744064384	0.0	0.0	0.0	0.0	0.0	0.0	0.0	0.0	6.70892922652029	5.834369901149939
02532-00	3	0	0	0	0	0	0	0	0	0	0	2770	744	0	0	2089	725	1250	751	0	0	-783.0	1498.0	491.0	-779.7291602628898	1494.4443033488194	490.77492906953074	0.0	0.0	0.0	0.0	0.0	0.0	0.0	0.0	0.0	0.0	2768.7340824930334	741.0367415036901	0.0	0.0	2091.2466201909233	734.1190220747668	1248.7316504233772	744.8539607549441	0.0	0.0	0.0	0.0	0.0	0.0	0.0	3.2223358065846157	0.0	9.39169132171349	6.275548505930524	0.0
02579-00	4	0	0	0	0	0	0	0	0	0	0	2481	1997	2813	2044	1762	2001	920	2008	0	0	-845.0	1464.0	212.0	-839.2309252477619	1452.2630864715263	212.80368377736443	0.0	0.0	0.0	0.0	0.0	0.0	0.0	0.0	0.0	0.0	2482.7900835105033	1998.2958486088066	2812.9012600299666	2045.1387020622196	1758.0825672531832	2001.5036632915767	922.3309526879253	2004.9397967243585	0.0	0.0	0.0	0.0	0.0	0.0	0.0	2.2098919863925577	1.1429750514273933	3.94967796625423	3.8468408495274558	0.0
02476-00	3	0	0	0	0	0	0	0	0	0	0	3100	2285	0	0	2401	2303	1559	2305	0	0	-721.0	1528.0	145.0	-717.0179926309511	1518.6544749198276	146.05351031148578	0.0	0.0	0.0	0.0	0.0	0.0	0.0	0.0	0.0	0.0	3099.408923777715	2285.2600410998325	0.0	0.0	2400.7619118256375	2303.9073193429244	1559.8140386699324	2303.8492700719244	0.0	0.0	0.0	0.0	0.0	0.0	0.0	0.6457495444466487	0.0	0.9380375092799277	1.4095525259862756	0.0
02835-00	5	0	0	0	0	2473	1694	1602	1694	1993	1688	861	1700	1260	1683	0	0	0	0	0	0	-1129.0	1257.0	279.0	-1129.7277915166524	1259.583639622518	279.0804447663683	0.0	0.0	0.0	0.0	2473.9166150245155	1693.9086127114538	1601.3960161196055	1696.1672427236256	1991.3764855672182	1688.8984646942486	858.75222053796	1698.5854491231328	1263.9038121191466	1681.4342295622039	0.0	0.0	0.0	0.0	0.0	0.0	0.0	0.0	0.9211594539901458	2.249830560483252	1.8555424867843848	2.655836345337267	4.206112947303214	0.0	0.0	0.0
03194-00	2	2213	995	1127	986	0	0	0	0	0	0	0	0	0	0	0	0	0	0	0	0	-1446.0	875.0	424.0	-1449.7694575077794	876.5583490091963	426.71765904007543	2213.245339684414	997.4351049425159	1126.783035497726	983.5402243195931	0.0	0.0	0.0	0.0	0.0	0.0	0.0	0.0	0.0	0.0	0.0	0.0	0.0	0.0	0.0	0.0	2.4474328676826884	2.4693258175397257	0.0	0.0	0.0	0.0	0.0	0.0	0.0	0.0
02732-00	6	0	0	0	0	3137	2010	2258	2010	2657	2009	1509	2006	1868	2005	809	1992	0	0	0	0	-1022.0	1346.0	212.0	-1022.0454908846197	1349.3058731142974	211.75972095605107	0.0	0.0	0.0	0.0	3137.7062561350835	2010.431743897437	2261.0366531266827	2011.1895114241588	2654.9554671508254	2007.9366183417922	1508.5388856647473	2007.341967349061	1864.3053508493751	2002.465872232932	811.454686821621	1992.2887881175534	0.0	0.0	0.0	0.0	0.0	0.0	0.8277683983562046	3.2613186964778946	2.3045379411862577	1.4189794910854698	4.48020489330988	2.471616064254238	0.0	0.0
02222-00	2	0	0	0	0	0	0	0	0	0	0	0	0	0	0	0	0	3169	1975	2270	2034	-384.0	1646.0	212.0	-389.09098935625866	1646.1992573572418	216.55111457557797	0.0	0.0	0.0	0.0	0.0	0.0	0.0	0.0	0.0	0.0	0.0	0.0	0.0	0.0	0.0	0.0	3168.924938412162	1963.9121092507821	2269.8429374981533	2043.6032629298932	0.0	0.0	0.0	0.0	0.0	0.0	0.0	0.0	11.088144818163231	9.604547231918147
02988-00	3	0	0	2487	1689	1435	1704	0	0	1009	1693	0	0	0	0	0	0	0	0	0	0	-1279.0	1104.0	279.0	-1278.8645242471775	1104.0135152126265	278.245312711352	0.0	0.0	2487.2610456886478	1688.079014426684	1434.6463778962698	1704.3075541421447	0.0	0.0	1009.1044960951999	1693.6682205010704	0.0	0.0	0.0	0.0	0.0	0.0	0.0	0.0	0.0	0.0	0.0	0.957266565705692	0.4686556759465795	0.0	0.6763416828518378	0.0	0.0	0.0	0.0	0.0
02939-00	2	0	0	2830	969	1778	998	0	0	0	0	0	0	0	0	0	0	0	0	0	0	-1232.0	1157.0	424.0	-1228.2448960014895	1155.3193771770104	424.8252542677313	0.0	0.0	2829.9455328113895	968.4994553349909	1778.0517358918573	998.5291741174534	0.0	0.0	0.0	0.0	0.0	0.0	0.0	0.0	0.0	0.0	0.0	0.0	0.0	0.0	0.0	0.5034993905698439	0.531697140380562	0.0	0.0	0.0	0.0	0.0	0.0	0.0
02428-00	3	0	0	0	0	0	0	0	0	0	0	0	0	0	0	2734	1336	1883	1333	860	1314	-653.0	1559.0	357.0	-652.9960261876524	1554.6407840742934	356.48196349538586	0.0	0.0	0.0	0.0	0.0	0.0	0.0	0.0	0.0	0.0	0.0	0.0	0.0	0.0	2733.9137629493835	1335.0810424278723	1883.1764823007807	1332.0080146220462	859.9246826603187	1315.7543108922796	0.0	0.0	0.0	0.0	0.0	0.0	0.0	0.9229950423864406	1.0075619050773148	1.755926937098319
02784-00	5	0	0	0	0	2803	1696	1922	1700	2315	1692	1171	1704	1558	1699	0	0	0	0	0	0	-1077.0	1302.0	279.0	-1076.6275097987043	1302.6421741139504	278.0023422958564	0.0	0.0	0.0	0.0	2802.654261778171	1696.274329766521	1922.6576415940303	1700.8996004445596	2314.666485012392	1693.5208435389409	1171.9067269139052	1702.6152343571077	1557.0972865177946	1697.508993537806	0.0	0.0	0.0	0.0	0.0	0.0	0.0	0.0	0.4413521709847309	1.1143488798624117	1.5569834028972007	1.655212851005853	1.7429836204794853	0.0	0.0	0.0
02479-00	4	0	0	0	0	0	0	0	0	0	0	3085	1328	0	0	2405	1327	1549	1330	511	1312	-721.0	1528.0	357.0	-718.6779670865711	1520.9801260968002	357.57209852179955	0.0	0.0	0.0	0.0	0.0	0.0	0.0	0.0	0.0	0.0	3090.597284816141	1324.121234054155	0.0	0.0	2401.9365614321478	1326.8678480710976	1542.097195643597	1330.9450617772977	515.7880983737227	1314.791773144751	0.0	0.0	0.0	0.0	0.0	6.809876839976574	0.0	3.0662876563227472	6.967198127345474	5.5425520591329756
03193-00	2	2219	1317	1117	1301	0	0	0	0	0	0	0	0	0	0	0	0	0	0	0	0	-1446.0	875.0	357.0	-1449.5499835991916	876.3291895990958	358.6670281366961	2219.2206628924114	1317.6949423433039	1116.816913510634	1300.2875974061083	0.0	0.0	0.0	0.0	0.0	0.0	0.0	0.0	0.0	0.0	0.0	0.0	0.0	0.0	0.0	0.0	0.7291343995478639	0.7355529337661627	0.0	0.0	0.0	0.0	0.0	0.0	0.0	0.0
02937-00	4	0	0	2839	1684	1778	1698	939	1695	1329	1691	0	0	0	0	0	0	0	0	0	0	-1232.0	1157.0	279.0	-1231.9402426803726	1158.4596261745305	279.1286934463428	0.0	0.0	2838.141012286953	1683.5667036424657	1780.162517957521	1698.4355531054252	937.6680948928457	1696.4724249428307	1328.9736863754279	1689.5013419318648	0.0	0.0	0.0	0.0	0.0	0.0	0.0	0.0	0.0	0.0	0.0	0.9620840008119965	2.2059443384288704	1.9854486713923407	1.4988890592785502	0.0	0.0	0.0	0.0	0.0
02938-00	5	0	0	2834	1299	1778	1322	939	1331	1340	1333	0	0	708	1320	0	0	0	0	0	0	-1232.0	1157.0	357.0	-1238.0398051700433	1164.7657367029997	358.4205897168801	0.0	0.0	2829.107750781819	1298.8525959730196	1782.8003600783345	1321.708983856401	951.2238434710695	1331.942667670776	1340.0685605425963	1328.879962164192	0.0	0.0	694.3867349570371	1323.4621078025334	0.0	0.0	0.0	0.0	0.0	0.0	0.0	4.894469364493169	4.809173242616964	12.260137500971759	4.120608245937831	0.0	14.046607261766743	0.0	0.0	0.0
02633-00	5	0	0	0	0	0	0	2927	1007	0	0	2163	1025	2528	1073	1452	1023	649	1057	0	0	-904.0	1428.0	424.0	-902.3620931851898	1428.588228097679	424.88637204587116	0.0	0.0	0.0	0.0	0.0	0.0	2921.840011020028	1007.4876616478563	0.0	0.0	2160.0615670309435	1026.4201249340526	2532.4352221732142	1072.2611080295164	1461.2581701829927	1025.287760686048	643.090244149309	1053.824037934053	0.0	0.0	0.0	0.0	0.0	5.182981782354648	0.0	3.2636089137573343	4.496349304693348	9.536643229872922	6.7090945185703745	0.0
02681-00	5	0	0	0	0	0	0	2582	2011	2985	2012	1825	2008	2170	2018	1115	1995	0	0	0	0	-966.0	1387.0	212.0	-965.0724904970634	1387.57160549741	211.59853861407942	0.0	0.0	0.0	0.0	0.0	0.0	2583.8887330401403	2012.3022540899956	2983.264732607492	2010.938487614052	1825.4567159837093	2006.3093835886668	2168.6925434437953	2017.6926230710164	1115.6393757519413	1996.6815238950912	0.0	0.0	0.0	0.0	0.0	0.0	0.0	2.29416176670869	2.0341979915981923	1.751220528672664	1.3431020895054624	1.7989785885144132	0.0	0.0
02680-00	5	0	0	0	0	0	0	2579	2323	2979	2329	1830	2308	2160	2311	1122	2300	0	0	0	0	-966.0	1387.0	145.0	-963.7813811959999	1386.4534141787933	144.94674680822158	0.0	0.0	0.0	0.0	0.0	0.0	2581.2186111645865	2322.297243344996	2977.4712094920123	2327.2656012101015	1830.5020962273777	2311.16431866779	2158.132496736701	2312.5406735067954	1122.6074062902128	2297.660334025524	0.0	0.0	0.0	0.0	0.0	0.0	0.0	2.3272521169354237	2.3119990440556943	3.203905936957661	2.42100047355926	2.4172255321979845	0.0	0.0
02528-00	4	0	0	0	0	0	0	0	0	0	0	2807	1986	3138	2051	2090	1996	1245	1999	0	0	-783.0	1498.0	212.0	-777.8834941861048	1489.1309853935843	213.67588863700183	0.0	0.0	0.0	0.0	0.0	0.0	0.0	0.0	0.0	0.0	2804.8004695772916	1986.4809280852405	3138.702572482781	2051.1687814925863	2091.7463838036524	1995.7891061892076	1244.6422375588036	1998.6231356508715	0.0	0.0	0.0	0.0	0.0	0.0	0.0	2.2514941491358846	0.7225616138437618	1.7590715133529944	0.519635162373431	0.0
02783-00	5	0	0	0	0	2800	2019	1922	2016	2317	2013	1179	2016	1551	1996	0	0	0	0	0	0	-1077.0	1302.0	212.0	-1078.8341914559317	1305.5494489790692	210.3891305042286	0.0	0.0	0.0	0.0	2799.737955605899	2020.7782186473871	1924.6288016724734	2017.4113027419985	2314.9093621495826	2012.3944532911512	1178.681808474877	2015.435406093134	1551.1573065860412	1993.733360616737	0.0	0.0	0.0	0.0	0.0	0.0	0.0	0.0	1.7974228279386602	2.9836845782976837	2.176569189847937	0.6480834254402822	2.272091427687505	0.0	0.0	0.0
02481-00	2	0	0	0	0	0	0	0	0	0	0	0	0	0	0	2398	724	1548	728	0	0	-721.0	1528.0	491.0	-717.2311843195246	1521.232378046013	491.86587671131383	0.0	0.0	0.0	0.0	0.0	0.0	0.0	0.0	0.0	0.0	0.0	0.0	0.0	0.0	2397.3021468874012	726.1882887122883	1548.6027175669678	725.8023710737424	0.0	0.0	0.0	0.0	0.0	0.0	0.0	0.0	0.0	2.2968688371546877	2.278780674627507	0.0
02327-00	2	0	0	0	0	0	0	0	0	0	0	0	0	0	0	0	0	2516	1018	1555	977	-522.0	1607.0	424.0	-525.9211804977812	1614.1652881222399	423.8202354890975	0.0	0.0	0.0	0.0	0.0	0.0	0.0	0.0	0.0	0.0	0.0	0.0	0.0	0.0	0.0	0.0	2516.035203760469	1023.8003983822481	1554.9135819821408	971.7620467309289	0.0	0.0	0.0	0.0	0.0	0.0	0.0	0.0	5.800505210543079	5.238666101478836
02990-00	2	0	0	2486	969	1440	1002	0	0	0	0	0	0	0	0	0	0	0	0	0	0	-1279.0	1104.0	424.0	-1274.9534737233873	1101.9258271417975	424.74377012634375	0.0	0.0	2485.93452278955	968.6666856269629	1440.0716931679083	1002.3564296716698	0.0	0.0	0.0	0.0	0.0	0.0	0.0	0.0	0.0	0.0	0.0	0.0	0.0	0.0	0.0	0.3396847602725135	0.36356845458784953	0.0	0.0	0.0	0.0	0.0	0.0	0.0
03191-00	2	2221	2033	1104	2010	0	0	0	0	0	0	0	0	0	0	0	0	0	0	0	0	-1446.0	875.0	212.0	-1447.0077720553734	873.3466925644603	210.33594663935202	2221.190347292582	2033.9700472956629	1103.8616419913756	2008.989045184781	0.0	0.0	0.0	0.0	0.0	0.0	0.0	0.0	0.0	0.0	0.0	0.0	0.0	0.0	0.0	0.0	0.9885463305359712	1.020378643918587	0.0	0.0	0.0	0.0	0.0	0.0	0.0	0.0
02886-00	6	0	0	3168	1688	2110	1701	1256	1700	1642	1692	521	1704	943	1676	0	0	0	0	0	0	-1184.0	1206.0	279.0	-1185.3532735723004	1208.9158082819836	278.1162546183283	0.0	0.0	3167.938753456517	1688.0079636286357	2111.2867030413904	1701.2279116815214	1252.8589581496026	1700.9009236591562	1642.469586163585	1693.7769489805378	517.4018984111622	1703.8039133270006	948.7146461797214	1673.233815688343	0.0	0.0	0.0	0.0	0.0	0.0	0.0	0.061762111926699045	1.3067319737793364	3.267691439774481	1.8379496305570506	3.6034407206065326	6.348933501420698	0.0	0.0	0.0
02377-00	3	0	0	0	0	0	0	0	0	0	0	0	0	0	0	3047	1330	2200	1324	1200	1309	-589.0	1584.0	357.0	-588.7787948672371	1582.7713120351095	357.4434443825118	0.0	0.0	0.0	0.0	0.0	0.0	0.0	0.0	0.0	0.0	0.0	0.0	0.0	0.0	3042.6771417170744	1333.1399191477642	2207.0027819346396	1323.8208664683345	1197.2056733966144	1306.2978089510896	0.0	0.0	0.0	0.0	0.0	0.0	0.0	5.342864024917238	7.005072708136746	3.8871709032662842
02735-00	6	0	0	0	0	3129	989	2258	1010	2644	996	1502	1026	1893	1056	820	1035	0	0	0	0	-1022.0	1346.0	424.0	-1017.5271032883269	1343.433681925683	423.57965243412104	0.0	0.0	0.0	0.0	3125.1045469748515	992.6990547542244	2257.4292086185305	1010.620715320999	2647.6697138488544	994.1267771952492	1505.489535997211	1026.2700163122718	1894.389036130383	1060.7098262601908	815.5723973429624	1027.6924559288173	0.0	0.0	0.0	0.0	0.0	0.0	5.371923337677978	0.8432617096030877	4.120165458899902	3.499967183378261	4.910385399608843	8.544229961844689	0.0	0.0
02731-00	4	0	0	0	0	0	0	2258	2324	2652	2326	1516	2310	1857	2299	0	0	0	0	0	0	-1022.0	1346.0	145.0	-1021.9690797147242	1349.8647677282424	143.9355550165902	0.0	0.0	0.0	0.0	0.0	0.0	2260.221331543602	2322.8014909851895	2650.4881240786135	2323.84571115385	1515.972439326568	2315.1711761917095	1856.440258409533	2297.0819825644016	0.0	0.0	0.0	0.0	0.0	0.0	0.0	0.0	0.0	2.524032029349714	2.6318680123277995	5.171249635863957	1.9980244070976159	0.0	0.0	0.0
02275-00	2	0	0	0	0	0	0	0	0	0	0	0	0	0	0	0	0	2836	1318	1901	1308	-456.0	1627.0	357.0	-459.9109179601661	1634.1563576881545	356.8206865640909	0.0	0.0	0.0	0.0	0.0	0.0	0.0	0.0	0.0	0.0	0.0	0.0	0.0	0.0	0.0	0.0	2836.552549813596	1322.465705963121	1900.5698710943434	1304.0339575879289	0.0	0.0	0.0	0.0	0.0	0.0	0.0	0.0	4.499760109779231	3.9892985962232093
02529-00	4	0	0	0	0	0	0	0	0	0	0	2805	1682	3153	1746	2092	1688	1240	1693	0	0	-783.0	1498.0	279.0	-778.2445950049917	1490.3849653325326	279.78405098958484	0.0	0.0	0.0	0.0	0.0	0.0	0.0	0.0	0.0	0.0	2803.9558912622947	1681.575644083639	3152.5132081251113	1745.0888789255152	2093.5775603838083	1687.584527900269	1239.9115021323428	1694.76560054348	0.0	0.0	0.0	0.0	0.0	0.0	0.0	1.127049688302682	1.033009168317447	1.6313533738023454	1.7678170583284676	0.0
02376-00	3	0	0	0	0	0	0	0	0	0	0	0	0	0	0	3045	1691	2202	1689	1196	1708	-589.0	1584.0	279.0	-589.9309925154944	1583.498038707025	278.53897626172477	0.0	0.0	0.0	0.0	0.0	0.0	0.0	0.0	0.0	0.0	0.0	0.0	0.0	0.0	3041.4465765555765	1691.5082052920172	2207.710834117269	1689.2173373790151	1193.819962808137	1707.3063134033155	0.0	0.0	0.0	0.0	0.0	0.0	0.0	3.5895808660918904	5.714968228370055	2.2877419549253473
03192-00	2	2220	1705	1099	1684	0	0	0	0	0	0	0	0	0	0	0	0	0	0	0	0	-1446.0	875.0	279.0	-1444.463084534182	871.8338687423823	278.28359727412453	2220.155267667697	1705.4427526506645	1098.8816955539337	1683.53160308652	0.0	0.0	0.0	0.0	0.0	0.0	0.0	0.0	0.0	0.0	0.0	0.0	0.0	0.0	0.0	0.0	0.4691886169788148	0.4831062103893218	0.0	0.0	0.0	0.0	0.0	0.0	0.0	0.0
03041-00	2	3235	994	2150	974	0	0	0	0	0	0	0	0	0	0	0	0	0	0	0	0	-1323.0	1051.0	424.0	-1321.0368082998307	1050.6474031697715	424.5109240829399	3235.092014295406	993.1129848553338	2149.922692684468	974.8829422066461	0.0	0.0	0.0	0.0	0.0	0.0	0.0	0.0	0.0	0.0	0.0	0.0	0.0	0.0	0.0	0.0	0.8917749141045758	0.8863201234948342	0.0	0.0	0.0	0.0	0.0	0.0	0.0	0.0
02736-00	4	0	0	0	0	0	0	2251	721	2633	694	1508	731	1923	757	0	0	0	0	0	0	-1022.0	1346.0	491.0	-1026.323623225365	1356.369232146034	495.56259178562277	0.0	0.0	0.0	0.0	0.0	0.0	2250.6872312394344	708.55460244016	2632.937404612105	688.4415311688034	1517.0270698737854	732.3877876816389	1913.525991346029	774.7288211458992	0.0	0.0	0.0	0.0	0.0	0.0	0.0	0.0	0.0	12.449327079005391	5.558821271633916	9.133123515835806	20.101441221932337	0.0	0.0	0.0
03038-00	3	3249	2013	2150	2015	1122	2021	0	0	0	0	0	0	0	0	0	0	0	0	0	0	-1323.0	1051.0	212.0	-1326.6432104767548	1055.0076773011199	211.07697628013648	3248.955708483315	2012.3440443815562	2150.2167429691217	2013.9771494662457	1121.8088154821867	2022.6916949596018	0.0	0.0	0.0	0.0	0.0	0.0	0.0	0.0	0.0	0.0	0.0	0.0	0.0	0.0	0.6574492465721592	1.0455623984560474	1.702463907456987	0.0	0.0	0.0	0.0	0.0	0.0	0.0
02683-00	5	0	0	0	0	0	0	2581	1322	2983	1309	1819	1334	2193	1363	1117	1325	0	0	0	0	-966.0	1387.0	357.0	-965.2339017803874	1387.8595917690113	357.49287259419145	0.0	0.0	0.0	0.0	0.0	0.0	2582.3307048359334	1322.163032593354	2981.0800645186982	1307.3850396883288	1820.9519855159922	1331.239966909222	2191.0652598908664	1363.1771755386003	1117.4875958526725	1329.1398368097105	0.0	0.0	0.0	0.0	0.0	0.0	0.0	1.3406546859173751	2.508834203496638	3.380536956880245	1.9428356753386524	4.1684527737011825	0.0	0.0
02884-00	3	0	0	0	0	2113	2344	1265	2321	1649	2310	0	0	0	0	0	0	0	0	0	0	-1184.0	1206.0	145.0	-1185.1778981594261	1208.9250777276843	143.3909274887485	0.0	0.0	0.0	0.0	2113.4974500951894	2343.0551013215013	1264.2705575451669	2320.9740291960943	1649.1641556024726	2310.963160726712	0.0	0.0	0.0	0.0	0.0	0.0	0.0	0.0	0.0	0.0	0.0	0.0	1.0678436729374374	0.7299046359412277	0.9770494600088061	0.0	0.0	0.0	0.0	0.0
02685-00	3	0	0	0	0	0	0	0	0	2952	687	1820	729	0	0	1144	739	0	0	0	0	-966.0	1387.0	491.0	-968.1857844132386	1392.9932683542038	493.5371384786648	0.0	0.0	0.0	0.0	0.0	0.0	0.0	0.0	2951.510490389428	682.8515232156967	1820.7429260052495	735.7864788028412	0.0	0.0	1143.5743021759617	736.600625048151	0.0	0.0	0.0	0.0	0.0	0.0	0.0	0.0	4.177257388376452	6.827022307762656	0.0	2.436846075760939	0.0	0.0
02837-00	5	0	0	0	0	2464	998	1601	1015	1988	1008	867	1025	1283	1047	0	0	0	0	0	0	-1129.0	1257.0	424.0	-1124.7703170881496	1254.3079877144569	423.6163308802493	0.0	0.0	0.0	0.0	2465.1786843721666	995.7886748853524	1600.7886543813506	1014.9818146788803	1986.037954551825	1006.8581555671237	864.1491750584855	1026.3265046334132	1287.0569022314485	1049.4729348410774	0.0	0.0	0.0	0.0	0.0	0.0	0.0	0.0	2.505844291224197	0.21212655757003945	2.270116968262907	3.144330992377801	4.751195896166158	0.0	0.0	0.0
02781-00	2	0	0	0	0	2783	2700	1924	2684	0	0	0	0	0	0	0	0	0	0	0	0	-1077.0	1302.0	67.0	-1076.4325125627959	1301.9225201242582	64.0322658197729	0.0	0.0	0.0	0.0	2783.138194558348	2703.5461668385233	1923.856938955634	2680.3191389186522	0.0	0.0	0.0	0.0	0.0	0.0	0.0	0.0	0.0	0.0	0.0	0.0	0.0	0.0	3.5488585464342157	3.683640151072806	0.0	0.0	0.0	0.0	0.0	0.0
02833-00	3	0	0	0	0	2469	2336	1605	2320	1995	2313	0	0	0	0	0	0	0	0	0	0	-1129.0	1257.0	145.0	-1130.6529397667737	1260.277813173487	144.33400321161213	0.0	0.0	0.0	0.0	2469.7264031973564	2336.2246960028288	1607.08686035185	2319.465642603749	1992.130181757166	2313.2276046864813	0.0	0.0	0.0	0.0	0.0	0.0	0.0	0.0	0.0	0.0	0.0	0.0	0.7603616894720459	2.1541875394337016	2.8788297344948153	0.0	0.0	0.0	0.0	0.0
02888-00	4	0	0	3160	970	2109	998	1260	1015	1641	1015	0	0	0	0	0	0	0	0	0	0	-1184.0	1206.0	424.0	-1181.1542096671158	1205.7798619862624	424.73356396450515	0.0	0.0	3160.281967553721	970.2688420170526	2108.2013096196997	997.1700065717649	1258.365298246401	1017.1535934004901	1643.1604197294032	1013.4329862232879	0.0	0.0	0.0	0.0	0.0	0.0	0.0	0.0	0.0	0.0	0.0	0.38959174976433963	1.1518660575334358	2.7037408081867462	2.6688847078133753	0.0	0.0	0.0	0.0	0.0
02684-00	5	0	0	0	0	0	0	2577	1008	2969	991	1818	1028	2199	1062	1124	1021	0	0	0	0	-966.0	1387.0	424.0	-965.0572294755592	1387.430375495584	425.00830612313916	0.0	0.0	0.0	0.0	0.0	0.0	2574.967988301079	1007.7926775914908	2969.7197285483685	987.0249979617269	1819.3086026816136	1025.2254595654158	2198.3276669010506	1064.917107385848	1124.507543564265	1025.3932595688027	0.0	0.0	0.0	0.0	0.0	0.0	0.0	2.0425606785654726	4.039634932467572	3.067656369522008	2.993584356004097	4.422480085710206	0.0	0.0
02277-00	2	0	0	0	0	0	0	0	0	0	0	0	0	0	0	0	0	2808	734	1905	648	-456.0	1627.0	491.0	-461.411386075153	1639.165671414761	489.74767050271544	0.0	0.0	0.0	0.0	0.0	0.0	0.0	0.0	0.0	0.0	0.0	0.0	0.0	0.0	0.0	0.0	2808.4566936189817	737.0087062821889	1904.5585946841466	645.2941818900366	0.0	0.0	0.0	0.0	0.0	0.0	0.0	0.0	3.0431698201220163	2.7415853619884833
02530-00	4	0	0	0	0	0	0	0	0	0	0	2796	1330	3154	1391	2090	1331	1235	1338	0	0	-783.0	1498.0	357.0	-779.3904299842861	1491.3551605849893	356.66958099696154	0.0	0.0	0.0	0.0	0.0	0.0	0.0	0.0	0.0	0.0	2793.003827709997	1329.016618125678	3156.386334566884	1389.8374871660803	2090.3666097154173	1330.364515708633	1235.2309766677758	1340.8864888453231	0.0	0.0	0.0	0.0	0.0	0.0	0.0	3.1534248527793918	2.6544356752677967	0.733650439932112	2.8957154686245823	0.0
02733-00	6	0	0	0	0	3145	1689	2261	1695	2658	1688	1502	1696	1874	1704	805	1684	0	0	0	0	-1022.0	1346.0	279.0	-1019.5769758020657	1345.963368859817	279.1219699941595	0.0	0.0	0.0	0.0	3143.4781258365497	1687.3534616550166	2262.433409620894	1694.7758712914426	2658.1088394690632	1687.2226423827337	1504.145721986001	1695.7937119697908	1872.6504905035742	1704.2716406286195	803.9506605423071	1686.6614766260045	0.0	0.0	0.0	0.0	0.0	0.0	2.242139489612129	1.4508262539915766	0.7849400583151861	2.1556153628641197	1.3765770999330462	2.8608689463587096	0.0	0.0
02787-00	4	0	0	0	0	2777	697	1934	723	2305	698	1191	734	0	0	0	0	0	0	0	0	-1077.0	1302.0	491.0	-1073.4966560007567	1301.480233059225	489.5225781429277	0.0	0.0	0.0	0.0	2778.8173652636738	694.8120794636812	1926.9587510952754	717.17135990628	2307.640144895405	703.050505769949	1193.6440310205685	737.1046664232164	0.0	0.0	0.0	0.0	0.0	0.0	0.0	0.0	0.0	0.0	2.844259618047088	9.140690973903759	5.698944955079004	4.077971755318519	0.0	0.0	0.0	0.0
02477-00	3	0	0	0	0	0	0	0	0	0	0	3105	1984	0	0	2402	2001	1552	2001	0	0	-721.0	1528.0	212.0	-717.569121055126	1519.332982181333	212.68487107203757	0.0	0.0	0.0	0.0	0.0	0.0	0.0	0.0	0.0	0.0	3103.1235515483445	1984.510434015243	0.0	0.0	2404.028067248796	1999.403274176166	1551.7489573645557	2002.1466322688382	0.0	0.0	0.0	0.0	0.0	0.0	0.0	1.9446340724252906	0.0	2.5811993573023235	1.1737921301285774	0.0
02527-00	2	0	0	0	0	0	0	0	0	0	0	0	0	0	0	2092	2301	1251	2305	0	0	-783.0	1498.0	145.0	-776.5904807517179	1486.5826631489251	146.86447452729442	0.0	0.0	0.0	0.0	0.0	0.0	0.0	0.0	0.0	0.0	0.0	0.0	0.0	0.0	2090.278636805213	2304.2524919474645	1252.7755062938854	2301.7179142228515	0.0	0.0	0.0	0.0	0.0	0.0	0.0	0.0	0.0	3.6799178138497513	3.731555928588932	0.0
02531-00	3	0	0	0	0	0	0	0	0	0	0	2783	1031	0	0	2088	1023	1240	1038	0	0	-783.0	1498.0	424.0	-779.8930108285294	1492.9887027683737	423.8728089776452	0.0	0.0	0.0	0.0	0.0	0.0	0.0	0.0	0.0	0.0	2781.462390483771	1028.7821869790546	0.0	0.0	2090.0775358989636	1025.8514314445658	1239.361249734067	1037.3733858670316	0.0	0.0	0.0	0.0	0.0	0.0	0.0	2.698691834995896	0.0	3.5280046335770483	0.8947888990510945	0.0
02785-00	5	0	0	0	0	2800	1313	1924	1324	2315	1313	1175	1332	1572	1345	0	0	0	0	0	0	-1077.0	1302.0	357.0	-1075.248698402919	1301.9264767428406	357.4715911477774	0.0	0.0	0.0	0.0	2799.9545864228708	1311.4186538189033	1924.2330740012865	1324.0251027156694	2314.7526596660946	1313.9423716248762	1174.9905812083155	1331.906523900371	1572.02527654629	1345.8279662079422	0.0	0.0	0.0	0.0	0.0	0.0	0.0	0.0	1.5819981471091575	0.23442191964418085	0.9742902648329059	0.09394942702672698	0.8283519453025117	0.0	0.0	0.0
02578-00	5	0	0	0	0	0	0	3247	2319	0	0	2483	2304	2799	2345	1768	2305	953	2298	0	0	-845.0	1464.0	145.0	-840.9823680115084	1459.192092376619	145.19359422267578	0.0	0.0	0.0	0.0	0.0	0.0	3244.950423933797	2321.1681794665087	0.0	0.0	2483.9048001004658	2301.2381131885923	2799.5449833558205	2344.7152885241485	1768.937744518375	2304.4301966237826	952.5662244580722	2299.383028336606	0.0	0.0	0.0	0.0	0.0	2.983582452378659	0.0	2.9063175980664804	0.614871923739321	1.0972878698368187	1.4494580368641108	0.0
03143-00	2	2554	995	1455	983	0	0	0	0	0	0	0	0	0	0	0	0	0	0	0	0	-1408.0	935.0	424.0	-1407.781951789945	934.5373039445312	425.1374297628329	2554.113218747114	996.8290191600537	1454.9082723512186	981.1728910030376	0.0	0.0	0.0	0.0	0.0	0.0	0.0	0.0	0.0	0.0	0.0	0.0	0.0	0.0	0.0	0.0	1.8325200060412858	1.8294100820569845	0.0	0.0	0.0	0.0	0.0	0.0	0.0	0.0
02782-00	5	0	0	0	0	2797	2341	1922	2328	2314	2323	1192	2317	1543	2291	0	0	0	0	0	0	-1077.0	1302.0	145.0	-1078.4204670368192	1305.465169063144	142.82257775130915	0.0	0.0	0.0	0.0	2795.550692469232	2339.444552637671	1926.6667920674026	2327.5078453549745	2313.326698357825	2324.822822404814	1187.7890510133607	2323.0299641603187	1545.0533925796838	2284.953645610879	0.0	0.0	0.0	0.0	0.0	0.0	0.0	0.0	2.1260077176990113	4.6926713495611825	1.9431975249178848	7.354764383908383	6.385516618500275	0.0	0.0	0.0
02834-00	5	0	0	0	0	2474	2018	1607	2009	1996	2002	870	2011	1259	1976	0	0	0	0	0	0	-1129.0	1257.0	212.0	-1132.2043631875072	1262.8992492951938	211.45906894201016	0.0	0.0	0.0	0.0	2473.99363990346	2017.5259448813486	1607.1425114441668	2010.3804647866973	1995.4190828056842	2003.658154820824	868.5096484170581	2010.4561745700446	1261.174574427482	1973.8769816815695	0.0	0.0	0.0	0.0	0.0	0.0	0.0	0.0	0.4740977814202866	1.3878013326948941	1.7569696060186775	1.5864721677494515	3.039075635954099	0.0	0.0	0.0
03244-00	2	1883	1324	784	1300	0	0	0	0	0	0	0	0	0	0	0	0	0	0	0	0	-1480.0	816.0	357.0	-1476.0623003567994	811.1923437630237	357.46353224049176	1883.1758668716216	1321.6132943210382	783.8515938817523	1302.4226688101262	0.0	0.0	0.0	0.0	0.0	0.0	0.0	0.0	0.0	0.0	0.0	0.0	0.0	0.0	0.0	0.0	2.3931763734673654	2.4272100320103425	0.0	0.0	0.0	0.0	0.0	0.0	0.0	0.0
03039-00	3	3253	1691	2150	1684	1114	1703	0	0	0	0	0	0	0	0	0	0	0	0	0	0	-1323.0	1051.0	279.0	-1324.354376197429	1052.8713150495018	278.72871695091777	3252.7887731266333	1690.1475237354746	2150.569394978312	1685.1202739836647	1113.606426203858	1702.7018916749855	0.0	0.0	0.0	0.0	0.0	0.0	0.0	0.0	0.0	0.0	0.0	0.0	0.0	0.0	0.8782554147920212	1.2566719698485527	0.4937295883907653	0.0	0.0	0.0	0.0	0.0	0.0	0.0
02328-00	2	0	0	0	0	0	0	0	0	0	0	0	0	0	0	0	0	2502	735	1561	651	-522.0	1607.0	491.0	-526.892677560028	1615.822497832529	490.4765539898997	0.0	0.0	0.0	0.0	0.0	0.0	0.0	0.0	0.0	0.0	0.0	0.0	0.0	0.0	0.0	0.0	2502.5940594192825	734.2705393555282	1560.5027713222637	651.6292327115465	0.0	0.0	0.0	0.0	0.0	0.0	0.0	0.0	0.9407547105763289	0.801978904487846
02223-00	2	0	0	0	0	0	0	0	0	0	0	0	0	0	0	0	0	3170	1670	2272	1696	-384.0	1646.0	279.0	-389.12704876690805	1645.2403478738738	281.44161598163794	0.0	0.0	0.0	0.0	0.0	0.0	0.0	0.0	0.0	0.0	0.0	0.0	0.0	0.0	0.0	0.0	3170.9752566881207	1665.2830256221189	2271.1613578220836	1700.0369296791375	0.0	0.0	0.0	0.0	0.0	0.0	0.0	0.0	4.816738823032764	4.123120412610071
02887-00	6	0	0	3170	1296	2111	1317	1259	1328	1642	1325	520	1339	963	1334	0	0	0	0	0	0	-1184.0	1206.0	357.0	-1182.7796436941185	1207.40800579744	357.27370966742956	0.0	0.0	3170.015628504181	1298.258470511396	2112.056146974976	1318.6489457365685	1255.0268309871672	1330.1488944050545	1643.412538681781	1324.803304610963	521.4215859823887	1335.3717983415163	963.2694438343137	1331.4362793247499	0.0	0.0	0.0	0.0	0.0	0.0	0.0	2.258524584986357	1.9581798882886994	4.517058685539714	1.426167803449421	3.8967619865662777	2.577840895120302	0.0	0.0	0.0
02375-00	2	0	0	0	0	0	0	0	0	0	0	0	0	0	0	0	0	2203	1995	1203	2045	-589.0	1584.0	212.0	-593.4739992869943	1589.4967724383787	210.57042445262113	0.0	0.0	0.0	0.0	0.0	0.0	0.0	0.0	0.0	0.0	0.0	0.0	0.0	0.0	0.0	0.0	2203.3183740949457	1996.8464693416104	1202.8046778331775	2043.313913289856	0.0	0.0	0.0	0.0	0.0	0.0	0.0	0.0	1.8737158519475576	1.6973624076716003
