19 391.241776562 180.533333333 29.894865353 392.382
38 381.331062485 180.533333333 92.468651369 392.382
57 362.855019608 180.533333333 149.332064365 392.382
76 334.093007122 180.533333333 205.780692229 392.382
95 298.949485174 180.533333333 254.151600459 392.382
114 254.151600459 180.533333333 298.949485174 392.382
133 205.780692229 180.533333333 334.093007122 392.382
152 149.332064365 180.533333333 362.855019608 392.382
171 92.468651369 180.533333333 381.331062485 392.382
190 29.894865353 180.533333333 391.241776562 392.382
209 -29.894865353 180.533333333 391.241776562 392.382
228 -92.468651369 180.533333333 381.331062485 392.382
247 -149.332064365 180.533333333 362.855019608 392.382
266 -205.780692229 180.533333333 334.093007122 392.382
285 -254.151600459 180.533333333 298.949485174 392.382
304 -298.949485174 180.533333333 254.151600459 392.382
323 -334.093007122 180.533333333 205.780692229 392.382
342 -362.855019608 180.533333333 149.332064365 392.382
361 -381.331062485 180.533333333 92.468651369 392.382
380 -391.241776562 180.533333333 29.894865353 392.382
399 -391.241776562 180.533333333 -29.894865353 392.382
418 -381.331062485 180.533333333 -92.468651369 392.382
437 -362.855019608 180.533333333 -149.332064365 392.382
456 -334.093007122 180.533333333 -205.780692229 392.382
475 -298.949485174 180.533333333 -254.151600459 392.382
494 -254.151600459 180.533333333 -298.949485174 392.382
513 -205.780692229 180.533333333 -334.093007122 392.382
532 -149.332064365 180.533333333 -362.855019608 392.382
551 -92.468651369 180.533333333 -381.331062485 392.382
570 -29.894865353 180.533333333 -391.241776562 392.382
589 29.894865353 180.533333333 -391.241776562 392.382
608 92.468651369 180.533333333 -381.331062485 392.382
627 149.332064365 180.533333333 -362.855019608 392.382
646 205.780692229 180.533333333 -334.093007122 392.382
665 254.151600459 180.533333333 -298.949485174 392.382
684 298.949485174 180.533333333 -254.151600459 392.382
703 334.093007122 180.533333333 -205.780692229 392.382
722 362.855019608 180.533333333 -149.332064365 392.382
741 381.331062485 180.533333333 -92.468651369 392.382
760 391.241776562 180.533333333 -29.894865353 392.382
779 391.241776562 120.355555556 29.894865353 392.382
798 381.331062485 120.355555556 92.468651369 392.382
817 362.855019608 120.355555556 149.332064365 392.382
836 334.093007122 120.355555556 205.780692229 392.382
855 298.949485174 120.355555556 254.151600459 392.382
874 254.151600459 120.355555556 298.949485174 392.382
893 205.780692229 120.355555556 334.093007122 392.382
912 149.332064365 120.355555556 362.855019608 392.382
931 92.468651369 120.355555556 381.331062485 392.382
950 29.894865353 120.355555556 391.241776562 392.382
969 -29.894865353 120.355555556 391.241776562 392.382
988 -92.468651369 120.355555556 381.331062485 392.382
1007 -149.332064365 120.355555556 362.855019608 392.382
1026 -205.780692229 120.355555556 334.093007122 392.382
1045 -254.151600459 120.355555556 298.949485174 392.382
1064 -298.949485174 120.355555556 254.151600459 392.382
1083 -334.093007122 120.355555556 205.780692229 392.382
1102 -362.855019608 120.355555556 149.332064365 392.382
1121 -381.331062485 120.355555556 92.468651369 392.382
1140 -391.241776562 120.355555556 29.894865353 392.382
1159 -391.241776562 120.355555556 -29.894865353 392.382
1178 -381.331062485 120.355555556 -92.468651369 392.382
1197 -362.855019608 120.355555556 -149.332064365 392.382
1216 -334.093007122 120.355555556 -205.780692229 392.382
1235 -298.949485174 120.355555556 -254.151600459 392.382
1254 -254.151600459 120.355555556 -298.949485174 392.382
1273 -205.780692229 120.355555556 -334.093007122 392.382
1292 -149.332064365 120.355555556 -362.855019608 392.382
1311 -92.468651369 120.355555556 -381.331062485 392.382
1330 -29.894865353 120.355555556 -391.241776562 392.382
1349 29.894865353 120.355555556 -391.241776562 392.382
1368 92.468651369 120.355555556 -381.331062485 392.382
1387 149.332064365 120.355555556 -362.855019608 392.382
1406 205.780692229 120.355555556 -334.093007122 392.382
1425 254.151600459 120.355555556 -298.949485174 392.382
1444 298.949485174 120.355555556 -254.151600459 392.382
1463 334.093007122 120.355555556 -205.780692229 392.382
1482 362.855019608 120.355555556 -149.332064365 392.382
1501 381.331062485 120.355555556 -92.468651369 392.382
1520 391.241776562 120.355555556 -29.894865353 392.382
1539 391.241776562 60.177777778 29.894865353 392.382
1558 381.331062485 60.177777778 92.468651369 392.382
1577 362.855019608 60.177777778 149.332064365 392.382
1596 334.093007122 60.177777778 205.780692229 392.382
1615 298.949485174 60.177777778 254.151600459 392.382
1634 254.151600459 60.177777778 298.949485174 392.382
1653 205.780692229 60.177777778 334.093007122 392.382
1672 149.332064365 60.177777778 362.855019608 392.382
1691 92.468651369 60.177777778 381.331062485 392.382
1710 29.894865353 60.177777778 391.241776562 392.382
1729 -29.894865353 60.177777778 391.241776562 392.382
1748 -92.468651369 60.177777778 381.331062485 392.382
1767 -149.332064365 60.177777778 362.855019608 392.382
1786 -205.780692229 60.177777778 334.093007122 392.382
1805 -254.151600459 60.177777778 298.949485174 392.382
1824 -298.949485174 60.177777778 254.151600459 392.382
1843 -334.093007122 60.177777778 205.780692229 392.382
1862 -362.855019608 60.177777778 149.332064365 392.382
1881 -381.331062485 60.177777778 92.468651369 392.382
1900 -391.241776562 60.177777778 29.894865353 392.382
1919 -391.241776562 60.177777778 -29.894865353 392.382
1938 -381.331062485 60.177777778 -92.468651369 392.382
1957 -362.855019608 60.177777778 -149.332064365 392.382
1976 -334.093007122 60.177777778 -205.780692229 392.382
1995 -298.949485174 60.177777778 -254.151600459 392.382
2014 -254.151600459 60.177777778 -298.949485174 392.382
2033 -205.780692229 60.177777778 -334.093007122 392.382
2052 -149.332064365 60.177777778 -362.855019608 392.382
2071 -92.468651369 60.177777778 -381.331062485 392.382
2090 -29.894865353 60.177777778 -391.241776562 392.382
2109 29.894865353 60.177777778 -391.241776562 392.382
2128 92.468651369 60.177777778 -381.331062485 392.382
2147 149.332064365 60.177777778 -362.855019608 392.382
2166 205.780692229 60.177777778 -334.093007122 392.382
2185 254.151600459 60.177777778 -298.949485174 392.382
2204 298.949485174 60.177777778 -254.151600459 392.382
2223 334.093007122 60.177777778 -205.780692229 392.382
2242 362.855019608 60.177777778 -149.332064365 392.382
2261 381.331062485 60.177777778 -92.468651369 392.382
2280 391.241776562 60.177777778 -29.894865353 392.382
2299 391.241776562 0.000000000 29.894865353 392.382
2318 381.331062485 0.000000000 92.468651369 392.382
2337 362.855019608 0.000000000 149.332064365 392.382
2356 334.093007122 0.000000000 205.780692229 392.382
2375 298.949485174 0.000000000 254.151600459 392.382
2394 254.151600459 0.000000000 298.949485174 392.382
2413 205.780692229 0.000000000 334.093007122 392.382
2432 149.332064365 0.000000000 362.855019608 392.382
2451 92.468651369 0.000000000 381.331062485 392.382
2470 29.894865353 0.000000000 391.241776562 392.382
2489 -29.894865353 0.000000000 391.241776562 392.382
2508 -92.468651369 0.000000000 381.331062485 392.382
2527 -149.332064365 0.000000000 362.855019608 392.382
2546 -205.780692229 0.000000000 334.093007122 392.382
2565 -254.151600459 0.000000000 298.949485174 392.382
2584 -298.949485174 0.000000000 254.151600459 392.382
2603 -334.093007122 0.000000000 205.780692229 392.382
2622 -362.855019608 0.000000000 149.332064365 392.382
2641 -381.331062485 0.000000000 92.468651369 392.382
2660 -391.241776562 0.000000000 29.894865353 392.382
2679 -391.241776562 -0.000000000 -29.894865353 392.382
2698 -381.331062485 -0.000000000 -92.468651369 392.382
2717 -362.855019608 -0.000000000 -149.332064365 392.382
2736 -334.093007122 -0.000000000 -205.780692229 392.382
2755 -298.949485174 -0.000000000 -254.151600459 392.382
2774 -254.151600459 -0.000000000 -298.949485174 392.382
2793 -205.780692229 -0.000000000 -334.093007122 392.382
2812 -149.332064365 -0.000000000 -362.855019608 392.382
2831 -92.468651369 -0.000000000 -381.331062485 392.382
2850 -29.894865353 -0.000000000 -391.241776562 392.382
2869 29.894865353 -0.000000000 -391.241776562 392.382
2888 92.468651369 -0.000000000 -381.331062485 392.382
2907 149.332064365 -0.000000000 -362.855019608 392.382
2926 205.780692229 -0.000000000 -334.093007122 392.382
2945 254.151600459 -0.000000000 -298.949485174 392.382
2964 298.949485174 -0.000000000 -254.151600459 392.382
2983 334.093007122 -0.000000000 -205.780692229 392.382
3002 362.855019608 -0.000000000 -149.332064365 392.382
3021 381.331062485 -0.000000000 -92.468651369 392.382
3040 391.241776562 -0.000000000 -29.894865353 392.382
3059 391.241776562 -60.177777778 29.894865353 392.382
3078 381.331062485 -60.177777778 92.468651369 392.382
3097 362.855019608 -60.177777778 149.332064365 392.382
3116 334.093007122 -60.177777778 205.780692229 392.382
3135 298.949485174 -60.177777778 254.151600459 392.382
3154 254.151600459 -60.177777778 298.949485174 392.382
3173 205.780692229 -60.177777778 334.093007122 392.382
3192 149.332064365 -60.177777778 362.855019608 392.382
3211 92.468651369 -60.177777778 381.331062485 392.382
3230 29.894865353 -60.177777778 391.241776562 392.382
3249 -29.894865353 -60.177777778 391.241776562 392.382
3268 -92.468651369 -60.177777778 381.331062485 392.382
3287 -149.332064365 -60.177777778 362.855019608 392.382
3306 -205.780692229 -60.177777778 334.093007122 392.382
3325 -254.151600459 -60.177777778 298.949485174 392.382
3344 -298.949485174 -60.177777778 254.151600459 392.382
3363 -334.093007122 -60.177777778 205.780692229 392.382
3382 -362.855019608 -60.177777778 149.332064365 392.382
3401 -381.331062485 -60.177777778 92.468651369 392.382
3420 -391.241776562 -60.177777778 29.894865353 392.382
3439 -391.241776562 -60.177777778 -29.894865353 392.382
3458 -381.331062485 -60.177777778 -92.468651369 392.382
3477 -362.855019608 -60.177777778 -149.332064365 392.382
3496 -334.093007122 -60.177777778 -205.780692229 392.382
3515 -298.949485174 -60.177777778 -254.151600459 392.382
3534 -254.151600459 -60.177777778 -298.949485174 392.382
3553 -205.780692229 -60.177777778 -334.093007122 392.382
3572 -149.332064365 -60.177777778 -362.855019608 392.382
3591 -92.468651369 -60.177777778 -381.331062485 392.382
3610 -29.894865353 -60.177777778 -391.241776562 392.382
3629 29.894865353 -60.177777778 -391.241776562 392.382
3648 92.468651369 -60.177777778 -381.331062485 392.382
3667 149.332064365 -60.177777778 -362.855019608 392.382
3686 205.780692229 -60.177777778 -334.093007122 392.382
3705 254.151600459 -60.177777778 -298.949485174 392.382
3724 298.949485174 -60.177777778 -254.151600459 392.382
3743 334.093007122 -60.177777778 -205.780692229 392.382
3762 362.855019608 -60.177777778 -149.332064365 392.382
3781 381.331062485 -60.177777778 -92.468651369 392.382
3800 391.241776562 -60.177777778 -29.894865353 392.382
3819 391.241776562 -120.355555556 29.894865353 392.382
3838 381.331062485 -120.355555556 92.468651369 392.382
3857 362.855019608 -120.355555556 149.332064365 392.382
3876 334.093007122 -120.355555556 205.780692229 392.382
3895 298.949485174 -120.355555556 254.151600459 392.382
3914 254.151600459 -120.355555556 298.949485174 392.382
3933 205.780692229 -120.355555556 334.093007122 392.382
3952 149.332064365 -120.355555556 362.855019608 392.382
3971 92.468651369 -120.355555556 381.331062485 392.382
3990 29.894865353 -120.355555556 391.241776562 392.382
4009 -29.894865353 -120.355555556 391.241776562 392.382
4028 -92.468651369 -120.355555556 381.331062485 392.382
4047 -149.332064365 -120.355555556 362.855019608 392.382
4066 -205.780692229 -120.355555556 334.093007122 392.382
4085 -254.151600459 -120.355555556 298.949485174 392.382
4104 -298.949485174 -120.355555556 254.151600459 392.382
4123 -334.093007122 -120.355555556 205.780692229 392.382
4142 -362.855019608 -120.355555556 149.332064365 392.382
4161 -381.331062485 -120.355555556 92.468651369 392.382
4180 -391.241776562 -120.355555556 29.894865353 392.382
4199 -391.241776562 -120.355555556 -29.894865353 392.382
4218 -381.331062485 -120.355555556 -92.468651369 392.382
4237 -362.855019608 -120.355555556 -149.332064365 392.382
4256 -334.093007122 -120.355555556 -205.780692229 392.382
4275 -298.949485174 -120.355555556 -254.151600459 392.382
4294 -254.151600459 -120.355555556 -298.949485174 392.382
4313 -205.780692229 -120.355555556 -334.093007122 392.382
4332 -149.332064365 -120.355555556 -362.855019608 392.382
4351 -92.468651369 -120.355555556 -381.331062485 392.382
4370 -29.894865353 -120.355555556 -391.241776562 392.382
4389 29.894865353 -120.355555556 -391.241776562 392.382
4408 92.468651369 -120.355555556 -381.331062485 392.382
4427 149.332064365 -120.355555556 -362.855019608 392.382
4446 205.780692229 -120.355555556 -334.093007122 392.382
4465 254.151600459 -120.355555556 -298.949485174 392.382
4484 298.949485174 -120.355555556 -254.151600459 392.382
4503 334.093007122 -120.355555556 -205.780692229 392.382
4522 362.855019608 -120.355555556 -149.332064365 392.382
4541 381.331062485 -120.355555556 -92.468651369 392.382
4560 391.241776562 -120.355555556 -29.894865353 392.382
4579 391.241776562 -180.533333333 29.894865353 392.382
4598 381.331062485 -180.533333333 92.468651369 392.382
4617 362.855019608 -180.533333333 149.332064365 392.382
4636 334.093007122 -180.533333333 205.780692229 392.382
4655 298.949485174 -180.533333333 254.151600459 392.382
4674 254.151600459 -180.533333333 298.949485174 392.382
4693 205.780692229 -180.533333333 334.093007122 392.382
4712 149.332064365 -180.533333333 362.855019608 392.382
4731 92.468651369 -180.533333333 381.331062485 392.382
4750 29.894865353 -180.533333333 391.241776562 392.382
4769 -29.894865353 -180.533333333 391.241776562 392.382
4788 -92.468651369 -180.533333333 381.331062485 392.382
4807 -149.332064365 -180.533333333 362.855019608 392.382
4826 -205.780692229 -180.533333333 334.093007122 392.382
4845 -254.151600459 -180.533333333 298.949485174 392.382
4864 -298.949485174 -180.533333333 254.151600459 392.382
4883 -334.093007122 -180.533333333 205.780692229 392.382
4902 -362.855019608 -180.533333333 149.332064365 392.382
4921 -381.331062485 -180.533333333 92.468651369 392.382
4940 -391.241776562 -180.533333333 29.894865353 392.382
4959 -391.241776562 -180.533333333 -29.894865353 392.382
4978 -381.331062485 -180.533333333 -92.468651369 392.382
4997 -362.855019608 -180.533333333 -149.332064365 392.382
5016 -334.093007122 -180.533333333 -205.780692229 392.382
5035 -298.949485174 -180.533333333 -254.151600459 392.382
5054 -254.151600459 -180.533333333 -298.949485174 392.382
5073 -205.780692229 -180.533333333 -334.093007122 392.382
5092 -149.332064365 -180.533333333 -362.855019608 392.382
5111 -92.468651369 -180.533333333 -381.331062485 392.382
5130 -29.894865353 -180.533333333 -391.241776562 392.382
5149 29.894865353 -180.533333333 -391.241776562 392.382
5168 92.468651369 -180.533333333 -381.331062485 392.382
5187 149.332064365 -180.533333333 -362.855019608 392.382
5206 205.780692229 -180.533333333 -334.093007122 392.382
5225 254.151600459 -180.533333333 -298.949485174 392.382
5244 298.949485174 -180.533333333 -254.151600459 392.382
5263 334.093007122 -180.533333333 -205.780692229 392.382
5282 362.855019608 -180.533333333 -149.332064365 392.382
5301 381.331062485 -180.533333333 -92.468651369 392.382
5320 391.241776562 -180.533333333 -29.894865353 392.382
5339 391.241776562 -240.711111111 29.894865353 392.382
5358 381.331062485 -240.711111111 92.468651369 392.382
5377 362.855019608 -240.711111111 149.332064365 392.382
5396 334.093007122 -240.711111111 205.780692229 392.382
5415 298.949485174 -240.711111111 254.151600459 392.382
5434 254.151600459 -240.711111111 298.949485174 392.382
5453 205.780692229 -240.711111111 334.093007122 392.382
5472 149.332064365 -240.711111111 362.855019608 392.382
5491 92.468651369 -240.711111111 381.331062485 392.382
5510 29.894865353 -240.711111111 391.241776562 392.382
5529 -29.894865353 -240.711111111 391.241776562 392.382
5548 -92.468651369 -240.711111111 381.331062485 392.382
5567 -149.332064365 -240.711111111 362.855019608 392.382
5586 -205.780692229 -240.711111111 334.093007122 392.382
5605 -254.151600459 -240.711111111 298.949485174 392.382
5624 -298.949485174 -240.711111111 254.151600459 392.382
5643 -334.093007122 -240.711111111 205.780692229 392.382
5662 -362.855019608 -240.711111111 149.332064365 392.382
5681 -381.331062485 -240.711111111 92.468651369 392.382
5700 -391.241776562 -240.711111111 29.894865353 392.382
5719 -391.241776562 -240.711111111 -29.894865353 392.382
5738 -381.331062485 -240.711111111 -92.468651369 392.382
5757 -362.855019608 -240.711111111 -149.332064365 392.382
5776 -334.093007122 -240.711111111 -205.780692229 392.382
5795 -298.949485174 -240.711111111 -254.151600459 392.382
5814 -254.151600459 -240.711111111 -298.949485174 392.382
5833 -205.780692229 -240.711111111 -334.093007122 392.382
5852 -149.332064365 -240.711111111 -362.855019608 392.382
5871 -92.468651369 -240.711111111 -381.331062485 392.382
5890 -29.894865353 -240.711111111 -391.241776562 392.382
5909 29.894865353 -240.711111111 -391.241776562 392.382
5928 92.468651369 -240.711111111 -381.331062485 392.382
5947 149.332064365 -240.711111111 -362.855019608 392.382
5966 205.780692229 -240.711111111 -334.093007122 392.382
5985 254.151600459 -240.711111111 -298.949485174 392.382
6004 298.949485174 -240.711111111 -254.151600459 392.382
6023 334.093007122 -240.711111111 -205.780692229 392.382
6042 362.855019608 -240.711111111 -149.332064365 392.382
6061 381.331062485 -240.711111111 -92.468651369 392.382
6080 391.241776562 -240.711111111 -29.894865353 392.382
6099 -282.743338823 -291.101528333 -157.079632679 323.447
6118 -282.743338823 -291.101528333 -94.247779608 298.038
6137 -282.743338823 -291.101528333 -31.415926536 284.483
6156 -282.743338823 -291.101528333 31.415926536 284.483
6175 -282.743338823 -291.101528333 94.247779608 298.038
6194 -282.743338823 -291.101528333 157.079632679 323.447
6213 -219.911485751 -291.101528333 -219.911485751 311.002
6232 -219.911485751 -291.101528333 -157.079632679 270.25
6251 -219.911485751 -291.101528333 -94.247779608 239.257
6270 -219.911485751 -291.101528333 -31.415926536 222.144
6289 -219.911485751 -291.101528333 31.415926536 222.144
6308 -219.911485751 -291.101528333 94.247779608 239.257
6327 -219.911485751 -291.101528333 157.079632679 270.25
6346 -219.911485751 -291.101528333 219.911485751 311.002
6365 -157.079632679 -291.101528333 -282.743338823 323.447
6384 -157.079632679 -291.101528333 -219.911485751 270.25
6403 -157.079632679 -291.101528333 -157.079632679 222.144
6422 -157.079632679 -291.101528333 -94.247779608 183.185
6441 -157.079632679 -291.101528333 -31.415926536 160.19
6460 -157.079632679 -291.101528333 31.415926536 160.19
6479 -157.079632679 -291.101528333 94.247779608 183.185
6498 -157.079632679 -291.101528333 157.079632679 222.144
6517 -157.079632679 -291.101528333 219.911485751 270.25
6536 -157.079632679 -291.101528333 282.743338823 323.447
6555 -94.247779608 -291.101528333 -282.743338823 298.038
6574 -94.247779608 -291.101528333 -219.911485751 239.257
6593 -94.247779608 -291.101528333 -157.079632679 183.185
6612 -94.247779608 -291.101528333 -94.247779608 133.286
6631 -94.247779608 -291.101528333 -31.415926536 99.3459
6650 -94.247779608 -291.101528333 31.415926536 99.3459
6669 -94.247779608 -291.101528333 94.247779608 133.286
6688 -94.247779608 -291.101528333 157.079632679 183.185
6707 -94.247779608 -291.101528333 219.911485751 239.257
6726 -94.247779608 -291.101528333 282.743338823 298.038
6745 -31.415926536 -291.101528333 -282.743338823 284.483
6764 -31.415926536 -291.101528333 -219.911485751 222.144
6783 -31.415926536 -291.101528333 -157.079632679 160.19
6802 -31.415926536 -291.101528333 -94.247779608 99.3459
6821 -31.415926536 -291.101528333 -31.415926536 44.4288
6840 -31.415926536 -291.101528333 31.415926536 44.4288
6859 -31.415926536 -291.101528333 94.247779608 99.3459
6878 -31.415926536 -291.101528333 157.079632679 160.19
6897 -31.415926536 -291.101528333 219.911485751 222.144
6916 -31.415926536 -291.101528333 282.743338823 284.483
6935 31.415926536 -291.101528333 -282.743338823 284.483
6954 31.415926536 -291.101528333 -219.911485751 222.144
6973 31.415926536 -291.101528333 -157.079632679 160.19
6992 31.415926536 -291.101528333 -94.247779608 99.3459
7011 31.415926536 -291.101528333 -31.415926536 44.4288
7030 31.415926536 -291.101528333 31.415926536 44.4288
7049 31.415926536 -291.101528333 94.247779608 99.3459
7068 31.415926536 -291.101528333 157.079632679 160.19
7087 31.415926536 -291.101528333 219.911485751 222.144
7106 31.415926536 -291.101528333 282.743338823 284.483
7125 94.247779608 -291.101528333 -282.743338823 298.038
7144 94.247779608 -291.101528333 -219.911485751 239.257
7163 94.247779608 -291.101528333 -157.079632679 183.185
7182 94.247779608 -291.101528333 -94.247779608 133.286
7201 94.247779608 -291.101528333 -31.415926536 99.3459
7220 94.247779608 -291.101528333 31.415926536 99.3459
7239 94.247779608 -291.101528333 94.247779608 133.286
7258 94.247779608 -291.101528333 157.079632679 183.185
7277 94.247779608 -291.101528333 219.911485751 239.257
7296 94.247779608 -291.101528333 282.743338823 298.038
7315 157.079632679 -291.101528333 -282.743338823 323.447
7334 157.079632679 -291.101528333 -219.911485751 270.25
7353 157.079632679 -291.101528333 -157.079632679 222.144
7372 157.079632679 -291.101528333 -94.247779608 183.185
7391 157.079632679 -291.101528333 -31.415926536 160.19
7410 157.079632679 -291.101528333 31.415926536 160.19
7429 157.079632679 -291.101528333 94.247779608 183.185
7448 157.079632679 -291.101528333 157.079632679 222.144
7467 157.079632679 -291.101528333 219.911485751 270.25
7486 157.079632679 -291.101528333 282.743338823 323.447
7505 219.911485751 -291.101528333 -219.911485751 311.002
7524 219.911485751 -291.101528333 -157.079632679 270.25
7543 219.911485751 -291.101528333 -94.247779608 239.257
7562 219.911485751 -291.101528333 -31.415926536 222.144
7581 219.911485751 -291.101528333 31.415926536 222.144
7600 219.911485751 -291.101528333 94.247779608 239.257
7619 219.911485751 -291.101528333 157.079632679 270.25
7638 219.911485751 -291.101528333 219.911485751 311.002
7657 282.743338823 -291.101528333 -157.079632679 323.447
7676 282.743338823 -291.101528333 -94.247779608 298.038
7695 282.743338823 -291.101528333 -31.415926536 284.483
7714 282.743338823 -291.101528333 31.415926536 284.483
7733 282.743338823 -291.101528333 94.247779608 298.038
7752 282.743338823 -291.101528333 157.079632679 323.447
7771 391.241776562 240.711111111 29.894865353 392.382
7790 381.331062485 240.711111111 92.468651369 392.382
7809 362.855019608 240.711111111 149.332064365 392.382
7828 334.093007122 240.711111111 205.780692229 392.382
7847 298.949485174 240.711111111 254.151600459 392.382
7866 254.151600459 240.711111111 298.949485174 392.382
7885 205.780692229 240.711111111 334.093007122 392.382
7904 149.332064365 240.711111111 362.855019608 392.382
7923 92.468651369 240.711111111 381.331062485 392.382
7942 29.894865353 240.711111111 391.241776562 392.382
7961 -29.894865353 240.711111111 391.241776562 392.382
7980 -92.468651369 240.711111111 381.331062485 392.382
7999 -149.332064365 240.711111111 362.855019608 392.382
8018 -205.780692229 240.711111111 334.093007122 392.382
8037 -254.151600459 240.711111111 298.949485174 392.382
8056 -298.949485174 240.711111111 254.151600459 392.382
8075 -334.093007122 240.711111111 205.780692229 392.382
8094 -362.855019608 240.711111111 149.332064365 392.382
8113 -381.331062485 240.711111111 92.468651369 392.382
8132 -391.241776562 240.711111111 29.894865353 392.382
8151 -391.241776562 240.711111111 -29.894865353 392.382
8170 -381.331062485 240.711111111 -92.468651369 392.382
8189 -362.855019608 240.711111111 -149.332064365 392.382
8208 -334.093007122 240.711111111 -205.780692229 392.382
8227 -298.949485174 240.711111111 -254.151600459 392.382
8246 -254.151600459 240.711111111 -298.949485174 392.382
8265 -205.780692229 240.711111111 -334.093007122 392.382
8284 -149.332064365 240.711111111 -362.855019608 392.382
8303 -92.468651369 240.711111111 -381.331062485 392.382
8322 -29.894865353 240.711111111 -391.241776562 392.382
8341 29.894865353 240.711111111 -391.241776562 392.382
8360 92.468651369 240.711111111 -381.331062485 392.382
8379 149.332064365 240.711111111 -362.855019608 392.382
8398 205.780692229 240.711111111 -334.093007122 392.382
8417 254.151600459 240.711111111 -298.949485174 392.382
8436 298.949485174 240.711111111 -254.151600459 392.382
8455 334.093007122 240.711111111 -205.780692229 392.382
8474 362.855019608 240.711111111 -149.332064365 392.382
8493 381.331062485 240.711111111 -92.468651369 392.382
8512 391.241776562 240.711111111 -29.894865353 392.382
8531 -282.743338823 291.101528333 -157.079632679 323.447
8550 -282.743338823 291.101528333 -94.247779608 298.038
8569 -282.743338823 291.101528333 -31.415926536 284.483
8588 -282.743338823 291.101528333 31.415926536 284.483
8607 -282.743338823 291.101528333 94.247779608 298.038
8626 -282.743338823 291.101528333 157.079632679 323.447
8645 -219.911485751 291.101528333 -219.911485751 311.002
8664 -219.911485751 291.101528333 -157.079632679 270.25
8683 -219.911485751 291.101528333 -94.247779608 239.257
8702 -219.911485751 291.101528333 -31.415926536 222.144
8721 -219.911485751 291.101528333 31.415926536 222.144
8740 -219.911485751 291.101528333 94.247779608 239.257
8759 -219.911485751 291.101528333 157.079632679 270.25
8778 -219.911485751 291.101528333 219.911485751 311.002
8797 -157.079632679 291.101528333 -282.743338823 323.447
8816 -157.079632679 291.101528333 -219.911485751 270.25
8835 -157.079632679 291.101528333 -157.079632679 222.144
8854 -157.079632679 291.101528333 -94.247779608 183.185
8873 -157.079632679 291.101528333 -31.415926536 160.19
8892 -157.079632679 291.101528333 31.415926536 160.19
8911 -157.079632679 291.101528333 94.247779608 183.185
8930 -157.079632679 291.101528333 157.079632679 222.144
8949 -157.079632679 291.101528333 219.911485751 270.25
8968 -157.079632679 291.101528333 282.743338823 323.447
8987 -94.247779608 291.101528333 -282.743338823 298.038
9006 -94.247779608 291.101528333 -219.911485751 239.257
9025 -94.247779608 291.101528333 -157.079632679 183.185
9044 -94.247779608 291.101528333 -94.247779608 133.286
9063 -94.247779608 291.101528333 -31.415926536 99.3459
9082 -94.247779608 291.101528333 31.415926536 99.3459
9101 -94.247779608 291.101528333 94.247779608 133.286
9120 -94.247779608 291.101528333 157.079632679 183.185
9139 -94.247779608 291.101528333 219.911485751 239.257
9158 -94.247779608 291.101528333 282.743338823 298.038
9177 -31.415926536 291.101528333 -282.743338823 284.483
9196 -31.415926536 291.101528333 -219.911485751 222.144
9215 -31.415926536 291.101528333 -157.079632679 160.19
9234 -31.415926536 291.101528333 -94.247779608 99.3459
9253 -31.415926536 291.101528333 -31.415926536 44.4288
9272 -31.415926536 291.101528333 31.415926536 44.4288
9291 -31.415926536 291.101528333 94.247779608 99.3459
9310 -31.415926536 291.101528333 157.079632679 160.19
9329 -31.415926536 291.101528333 219.911485751 222.144
9348 -31.415926536 291.101528333 282.743338823 284.483
9367 31.415926536 291.101528333 -282.743338823 284.483
9386 31.415926536 291.101528333 -219.911485751 222.144
9405 31.415926536 291.101528333 -157.079632679 160.19
9424 31.415926536 291.101528333 -94.247779608 99.3459
9443 31.415926536 291.101528333 -31.415926536 44.4288
9462 31.415926536 291.101528333 31.415926536 44.4288
9481 31.415926536 291.101528333 94.247779608 99.3459
9500 31.415926536 291.101528333 157.079632679 160.19
9519 31.415926536 291.101528333 219.911485751 222.144
9538 31.415926536 291.101528333 282.743338823 284.483
9557 94.247779608 291.101528333 -282.743338823 298.038
9576 94.247779608 291.101528333 -219.911485751 239.257
9595 94.247779608 291.101528333 -157.079632679 183.185
9614 94.247779608 291.101528333 -94.247779608 133.286
9633 94.247779608 291.101528333 -31.415926536 99.3459
9652 94.247779608 291.101528333 31.415926536 99.3459
9671 94.247779608 291.101528333 94.247779608 133.286
9690 94.247779608 291.101528333 157.079632679 183.185
9709 94.247779608 291.101528333 219.911485751 239.257
9728 94.247779608 291.101528333 282.743338823 298.038
9747 157.079632679 291.101528333 -282.743338823 323.447
9766 157.079632679 291.101528333 -219.911485751 270.25
9785 157.079632679 291.101528333 -157.079632679 222.144
9804 157.079632679 291.101528333 -94.247779608 183.185
9823 157.079632679 291.101528333 -31.415926536 160.19
9842 157.079632679 291.101528333 31.415926536 160.19
9861 157.079632679 291.101528333 94.247779608 183.185
9880 157.079632679 291.101528333 157.079632679 222.144
9899 157.079632679 291.101528333 219.911485751 270.25
9918 157.079632679 291.101528333 282.743338823 323.447
9937 219.911485751 291.101528333 -219.911485751 311.002
9956 219.911485751 291.101528333 -157.079632679 270.25
9975 219.911485751 291.101528333 -94.247779608 239.257
9994 219.911485751 291.101528333 -31.415926536 222.144
10013 219.911485751 291.101528333 31.415926536 222.144
10032 219.911485751 291.101528333 94.247779608 239.257
10051 219.911485751 291.101528333 157.079632679 270.25
10070 219.911485751 291.101528333 219.911485751 311.002
10089 282.743338823 291.101528333 -157.079632679 323.447
10108 282.743338823 291.101528333 -94.247779608 298.038
10127 282.743338823 291.101528333 -31.415926536 284.483
10146 282.743338823 291.101528333 31.415926536 284.483
10165 282.743338823 291.101528333 94.247779608 298.038
10184 282.743338823 291.101528333 157.079632679 323.447
