19 173.229188869 55.6 30.544979844
38 152.335192101 55.6 87.950764167
57 113.067322938 55.6 134.748388316
76 60.161865932 55.6 165.29336816
95 0 55.6 175.901528333
114 -60.161865932 55.6 165.29336816
133 -113.067322938 55.6 134.748388316
152 -152.335192101 55.6 87.950764167
171 -173.229188869 55.6 30.544979844
190 -173.229188869 55.6 -30.544979844
209 -152.335192101 55.6 -87.950764167
228 -113.067322938 55.6 -134.748388316
247 -60.161865932 55.6 -165.29336816
266 0 55.6 -175.901528333
285 60.161865932 55.6 -165.29336816
304 113.067322938 55.6 -134.748388316
323 152.335192101 55.6 -87.950764167
342 173.229188869 55.6 -30.544979844
361 173.229188869 0 30.544979844
380 152.335192101 0 87.950764167
399 113.067322938 0 134.748388316
418 60.161865932 0 165.29336816
437 0 0 175.901528333
456 -60.161865932 0 165.29336816
475 -113.067322938 0 134.748388316
494 -152.335192101 0 87.950764167
513 -173.229188869 0 30.544979844
532 -173.229188869 0 -30.544979844
551 -152.335192101 0 -87.950764167
570 -113.067322938 0 -134.748388316
589 -60.161865932 0 -165.29336816
608 0 0 -175.901528333
627 60.161865932 0 -165.29336816
646 113.067322938 0 -134.748388316
665 152.335192101 0 -87.950764167
684 173.229188869 0 -30.544979844
703 173.229188869 -55.6 30.544979844
722 152.335192101 -55.6 87.950764167
741 113.067322938 -55.6 134.748388316
760 60.161865932 -55.6 165.29336816
779 0 -55.6 175.901528333
798 -60.161865932 -55.6 165.29336816
817 -113.067322938 -55.6 134.748388316
836 -152.335192101 -55.6 87.950764167
855 -173.229188869 -55.6 30.544979844
874 -173.229188869 -55.6 -30.544979844
893 -152.335192101 -55.6 -87.950764167
912 -113.067322938 -55.6 -134.748388316
931 -60.161865932 -55.6 -165.29336816
950 0 -55.6 -175.901528333
969 60.161865932 -55.6 -165.29336816
988 113.067322938 -55.6 -134.748388316
1007 152.335192101 -55.6 -87.950764167
1026 173.229188869 -55.6 -30.544979844
1045 173.229188869 -111.2 30.544979844
1064 152.335192101 -111.2 87.950764167
1083 113.067322938 -111.2 134.748388316
1102 60.161865932 -111.2 165.29336816
1121 0 -111.2 175.901528333
1140 -60.161865932 -111.2 165.29336816
1159 -113.067322938 -111.2 134.748388316
1178 -152.335192101 -111.2 87.950764167
1197 -173.229188869 -111.2 30.544979844
1216 -173.229188869 -111.2 -30.544979844
1235 -152.335192101 -111.2 -87.950764167
1254 -113.067322938 -111.2 -134.748388316
1273 -60.161865932 -111.2 -165.29336816
1292 0 -111.2 -175.901528333
1311 60.161865932 -111.2 -165.29336816
1330 113.067322938 -111.2 -134.748388316
1349 152.335192101 -111.2 -87.950764167
1368 173.229188869 -111.2 -30.544979844
1387 -116 -160.101528333 -58
1406 -116 -160.101528333 0
1425 -116 -160.101528333 58
1444 -58 -160.101528333 -116
1463 -58 -160.101528333 -58
1482 -58 -160.101528333 0
1501 -58 -160.101528333 58
1520 -58 -160.101528333 116
1539 0 -160.101528333 -116
1558 0 -160.101528333 -58
1577 0 -160.101528333 0
1596 0 -160.101528333 58
1615 0 -160.101528333 116
1634 58 -160.101528333 -116
1653 58 -160.101528333 -58
1672 58 -160.101528333 0
1691 58 -160.101528333 58
1710 58 -160.101528333 116
1729 116 -160.101528333 -58
1748 116 -160.101528333 0
1767 116 -160.101528333 58
1786 173.229188869 111.2 30.544979844
1805 152.335192101 111.2 87.950764167
1824 113.067322938 111.2 134.748388316
1843 60.161865932 111.2 165.29336816
1862 0 111.2 175.901528333
1881 -60.161865932 111.2 165.29336816
1900 -113.067322938 111.2 134.748388316
1919 -152.335192101 111.2 87.950764167
1938 -173.229188869 111.2 30.544979844
1957 -173.229188869 111.2 -30.544979844
1976 -152.335192101 111.2 -87.950764167
1995 -113.067322938 111.2 -134.748388316
2014 -60.161865932 111.2 -165.29336816
2033 0 111.2 -175.901528333
2052 60.161865932 111.2 -165.29336816
2071 113.067322938 111.2 -134.748388316
2090 152.335192101 111.2 -87.950764167
2109 173.229188869 111.2 -30.544979844
2128 -116 160.101528333 -58
2147 -116 160.101528333 0
2166 -116 160.101528333 58
2185 -58 160.101528333 -116
2204 -58 160.101528333 -58
2223 -58 160.101528333 0
2242 -58 160.101528333 58
2261 -58 160.101528333 116
2280 0 160.101528333 -116
2299 0 160.101528333 -58
2318 0 160.101528333 0
2337 0 160.101528333 58
2356 0 160.101528333 116
2375 58 160.101528333 -116
2394 58 160.101528333 -58
2413 58 160.101528333 0
2432 58 160.101528333 58
2451 58 160.101528333 116
2470 116 160.101528333 -58
2489 116 160.101528333 0
2508 116 160.101528333 58
