1 165.261390445 10.279512936 32.87253441
2 163.655993447 12.484465107 40.943410139
3 162.480761278 18.508506468 46.851701234
4 162.050596449 26.7375 49.014285867
5 162.480761278 34.966493532 46.851701234
6 163.655993447 40.990534893 40.943410139
7 165.261390445 43.195487064 32.87253441
8 166.866787443 40.990534893 24.801658681
9 168.042019612 34.966493532 18.893367586
10 168.472184441 26.7375 16.730782952
11 168.042019612 18.508506468 18.893367586
12 166.866787443 12.484465107 24.801658681
13 161.360702819 18.085024158 32.0966394
14 159.898839555 22.411262079 39.445922321
15 159.898839555 31.063737921 39.445922321
16 161.360702819 35.389975842 32.0966394
17 162.822566084 31.063737921 24.747356479
18 162.822566084 22.411262079 24.747356479
19 160.016617465 26.7375 31.8292842
20 140.101841848 10.279512936 93.613057856
21 135.530057994 12.484465107 100.455215918
22 132.183279931 18.508506468 105.464023252
23 130.95827414 26.7375 107.297373979
24 132.183279931 34.966493532 105.464023252
25 135.530057994 40.990534893 100.455215918
26 140.101841848 43.195487064 93.613057856
27 144.673625702 40.990534893 86.770899794
28 148.020403764 34.966493532 81.762092459
29 149.245409556 26.7375 79.928741732
30 148.020403764 18.508506468 81.762092459
31 144.673625702 12.484465107 86.770899794
32 136.794998554 18.085024158 91.403495808
33 132.631964191 22.411262079 97.633917025
34 132.631964191 31.063737921 97.633917025
35 136.794998554 35.389975842 91.403495808
36 140.958032916 31.063737921 85.17307459
37 140.958032916 22.411262079 85.17307459
38 135.65553801 26.7375 90.642132614
39 93.613057856 10.279512936 140.101841848
40 86.770899794 12.484465107 144.673625702
41 81.762092459 18.508506468 148.020403764
42 79.928741732 26.7375 149.245409556
43 81.762092459 34.966493532 148.020403764
44 86.770899794 40.990534893 144.673625702
45 93.613057856 43.195487064 140.101841848
46 100.455215918 40.990534893 135.530057994
47 105.464023252 34.966493532 132.183279931
48 107.297373979 26.7375 130.95827414
49 105.464023252 18.508506468 132.183279931
50 100.455215918 12.484465107 135.530057994
51 91.403495808 18.085024158 136.794998554
52 85.17307459 22.411262079 140.958032916
53 85.17307459 31.063737921 140.958032916
54 91.403495808 35.389975842 136.794998554
55 97.633917025 31.063737921 132.631964191
56 97.633917025 22.411262079 132.631964191
57 90.642132614 26.7375 135.65553801
58 32.87253441 10.279512936 165.261390445
59 24.801658681 12.484465107 166.866787443
60 18.893367586 18.508506468 168.042019612
61 16.730782952 26.7375 168.472184441
62 18.893367586 34.966493532 168.042019612
63 24.801658681 40.990534893 166.866787443
64 32.87253441 43.195487064 165.261390445
65 40.943410139 40.990534893 163.655993447
66 46.851701234 34.966493532 162.480761278
67 49.014285867 26.7375 162.050596449
68 46.851701234 18.508506468 162.480761278
69 40.943410139 12.484465107 163.655993447
70 32.0966394 18.085024158 161.360702819
71 24.747356479 22.411262079 162.822566084
72 24.747356479 31.063737921 162.822566084
73 32.0966394 35.389975842 161.360702819
74 39.445922321 31.063737921 159.898839555
75 39.445922321 22.411262079 159.898839555
76 31.8292842 26.7375 160.016617465
77 -32.87253441 10.279512936 165.261390445
78 -40.943410139 12.484465107 163.655993447
79 -46.851701234 18.508506468 162.480761278
80 -49.014285867 26.7375 162.050596449
81 -46.851701234 34.966493532 162.480761278
82 -40.943410139 40.990534893 163.655993447
83 -32.87253441 43.195487064 165.261390445
84 -24.801658681 40.990534893 166.866787443
85 -18.893367586 34.966493532 168.042019612
86 -16.730782952 26.7375 168.472184441
87 -18.893367586 18.508506468 168.042019612
88 -24.801658681 12.484465107 166.866787443
89 -32.0966394 18.085024158 161.360702819
90 -39.445922321 22.411262079 159.898839555
91 -39.445922321 31.063737921 159.898839555
92 -32.0966394 35.389975842 161.360702819
93 -24.747356479 31.063737921 162.822566084
94 -24.747356479 22.411262079 162.822566084
95 -31.8292842 26.7375 160.016617465
96 -93.613057856 10.279512936 140.101841848
97 -100.455215918 12.484465107 135.530057994
98 -105.464023252 18.508506468 132.183279931
99 -107.297373979 26.7375 130.95827414
100 -105.464023252 34.966493532 132.183279931
101 -100.455215918 40.990534893 135.530057994
102 -93.613057856 43.195487064 140.101841848
103 -86.770899794 40.990534893 144.673625702
104 -81.762092459 34.966493532 148.020403764
105 -79.928741732 26.7375 149.245409556
106 -81.762092459 18.508506468 148.020403764
107 -86.770899794 12.484465107 144.673625702
108 -91.403495808 18.085024158 136.794998554
109 -97.633917025 22.411262079 132.631964191
110 -97.633917025 31.063737921 132.631964191
111 -91.403495808 35.389975842 136.794998554
112 -85.17307459 31.063737921 140.958032916
113 -85.17307459 22.411262079 140.958032916
114 -90.642132614 26.7375 135.65553801
115 -140.101841848 10.279512936 93.613057856
116 -144.673625702 12.484465107 86.770899794
117 -148.020403764 18.508506468 81.762092459
118 -149.245409556 26.7375 79.928741732
119 -148.020403764 34.966493532 81.762092459
120 -144.673625702 40.990534893 86.770899794
121 -140.101841848 43.195487064 93.613057856
122 -135.530057994 40.990534893 100.455215918
123 -132.183279931 34.966493532 105.464023252
124 -130.95827414 26.7375 107.297373979
125 -132.183279931 18.508506468 105.464023252
126 -135.530057994 12.484465107 100.455215918
127 -136.794998554 18.085024158 91.403495808
128 -140.958032916 22.411262079 85.17307459
129 -140.958032916 31.063737921 85.17307459
130 -136.794998554 35.389975842 91.403495808
131 -132.631964191 31.063737921 97.633917025
132 -132.631964191 22.411262079 97.633917025
133 -135.65553801 26.7375 90.642132614
134 -165.261390445 10.279512936 32.87253441
135 -166.866787443 12.484465107 24.801658681
136 -168.042019612 18.508506468 18.893367586
137 -168.472184441 26.7375 16.730782952
138 -168.042019612 34.966493532 18.893367586
139 -166.866787443 40.990534893 24.801658681
140 -165.261390445 43.195487064 32.87253441
141 -163.655993447 40.990534893 40.943410139
142 -162.480761278 34.966493532 46.851701234
143 -162.050596449 26.7375 49.014285867
144 -162.480761278 18.508506468 46.851701234
145 -163.655993447 12.484465107 40.943410139
146 -161.360702819 18.085024158 32.0966394
147 -162.822566084 22.411262079 24.747356479
148 -162.822566084 31.063737921 24.747356479
149 -161.360702819 35.389975842 32.0966394
150 -159.898839555 31.063737921 39.445922321
151 -159.898839555 22.411262079 39.445922321
152 -160.016617465 26.7375 31.8292842
153 -165.261390445 10.279512936 -32.87253441
154 -163.655993447 12.484465107 -40.943410139
155 -162.480761278 18.508506468 -46.851701234
156 -162.050596449 26.7375 -49.014285867
157 -162.480761278 34.966493532 -46.851701234
158 -163.655993447 40.990534893 -40.943410139
159 -165.261390445 43.195487064 -32.87253441
160 -166.866787443 40.990534893 -24.801658681
161 -168.042019612 34.966493532 -18.893367586
162 -168.472184441 26.7375 -16.730782952
163 -168.042019612 18.508506468 -18.893367586
164 -166.866787443 12.484465107 -24.801658681
165 -161.360702819 18.085024158 -32.0966394
166 -159.898839555 22.411262079 -39.445922321
167 -159.898839555 31.063737921 -39.445922321
168 -161.360702819 35.389975842 -32.0966394
169 -162.822566084 31.063737921 -24.747356479
170 -162.822566084 22.411262079 -24.747356479
171 -160.016617465 26.7375 -31.8292842
172 -140.101841848 10.279512936 -93.613057856
173 -135.530057994 12.484465107 -100.455215918
174 -132.183279931 18.508506468 -105.464023252
175 -130.95827414 26.7375 -107.297373979
176 -132.183279931 34.966493532 -105.464023252
177 -135.530057994 40.990534893 -100.455215918
178 -140.101841848 43.195487064 -93.613057856
179 -144.673625702 40.990534893 -86.770899794
180 -148.020403764 34.966493532 -81.762092459
181 -149.245409556 26.7375 -79.928741732
182 -148.020403764 18.508506468 -81.762092459
183 -144.673625702 12.484465107 -86.770899794
184 -136.794998554 18.085024158 -91.403495808
185 -132.631964191 22.411262079 -97.633917025
186 -132.631964191 31.063737921 -97.633917025
187 -136.794998554 35.389975842 -91.403495808
188 -140.958032916 31.063737921 -85.17307459
189 -140.958032916 22.411262079 -85.17307459
190 -135.65553801 26.7375 -90.642132614
191 -93.613057856 10.279512936 -140.101841848
192 -86.770899794 12.484465107 -144.673625702
193 -81.762092459 18.508506468 -148.020403764
194 -79.928741732 26.7375 -149.245409556
195 -81.762092459 34.966493532 -148.020403764
196 -86.770899794 40.990534893 -144.673625702
197 -93.613057856 43.195487064 -140.101841848
198 -100.455215918 40.990534893 -135.530057994
199 -105.464023252 34.966493532 -132.183279931
200 -107.297373979 26.7375 -130.95827414
201 -105.464023252 18.508506468 -132.183279931
202 -100.455215918 12.484465107 -135.530057994
203 -91.403495808 18.085024158 -136.794998554
204 -85.17307459 22.411262079 -140.958032916
205 -85.17307459 31.063737921 -140.958032916
206 -91.403495808 35.389975842 -136.794998554
207 -97.633917025 31.063737921 -132.631964191
208 -97.633917025 22.411262079 -132.631964191
209 -90.642132614 26.7375 -135.65553801
210 -32.87253441 10.279512936 -165.261390445
211 -24.801658681 12.484465107 -166.866787443
212 -18.893367586 18.508506468 -168.042019612
213 -16.730782952 26.7375 -168.472184441
214 -18.893367586 34.966493532 -168.042019612
215 -24.801658681 40.990534893 -166.866787443
216 -32.87253441 43.195487064 -165.261390445
217 -40.943410139 40.990534893 -163.655993447
218 -46.851701234 34.966493532 -162.480761278
219 -49.014285867 26.7375 -162.050596449
220 -46.851701234 18.508506468 -162.480761278
221 -40.943410139 12.484465107 -163.655993447
222 -32.0966394 18.085024158 -161.360702819
223 -24.747356479 22.411262079 -162.822566084
224 -24.747356479 31.063737921 -162.822566084
225 -32.0966394 35.389975842 -161.360702819
226 -39.445922321 31.063737921 -159.898839555
227 -39.445922321 22.411262079 -159.898839555
228 -31.8292842 26.7375 -160.016617465
229 32.87253441 10.279512936 -165.261390445
230 40.943410139 12.484465107 -163.655993447
231 46.851701234 18.508506468 -162.480761278
232 49.014285867 26.7375 -162.050596449
233 46.851701234 34.966493532 -162.480761278
234 40.943410139 40.990534893 -163.655993447
235 32.87253441 43.195487064 -165.261390445
236 24.801658681 40.990534893 -166.866787443
237 18.893367586 34.966493532 -168.042019612
238 16.730782952 26.7375 -168.472184441
239 18.893367586 18.508506468 -168.042019612
240 24.801658681 12.484465107 -166.866787443
241 32.0966394 18.085024158 -161.360702819
242 39.445922321 22.411262079 -159.898839555
243 39.445922321 31.063737921 -159.898839555
244 32.0966394 35.389975842 -161.360702819
245 24.747356479 31.063737921 -162.822566084
246 24.747356479 22.411262079 -162.822566084
247 31.8292842 26.7375 -160.016617465
248 93.613057856 10.279512936 -140.101841848
249 100.455215918 12.484465107 -135.530057994
250 105.464023252 18.508506468 -132.183279931
251 107.297373979 26.7375 -130.95827414
252 105.464023252 34.966493532 -132.183279931
253 100.455215918 40.990534893 -135.530057994
254 93.613057856 43.195487064 -140.101841848
255 86.770899794 40.990534893 -144.673625702
256 81.762092459 34.966493532 -148.020403764
257 79.928741732 26.7375 -149.245409556
258 81.762092459 18.508506468 -148.020403764
259 86.770899794 12.484465107 -144.673625702
260 91.403495808 18.085024158 -136.794998554
261 97.633917025 22.411262079 -132.631964191
262 97.633917025 31.063737921 -132.631964191
263 91.403495808 35.389975842 -136.794998554
264 85.17307459 31.063737921 -140.958032916
265 85.17307459 22.411262079 -140.958032916
266 90.642132614 26.7375 -135.65553801
267 140.101841848 10.279512936 -93.613057856
268 144.673625702 12.484465107 -86.770899794
269 148.020403764 18.508506468 -81.762092459
270 149.245409556 26.7375 -79.928741732
271 148.020403764 34.966493532 -81.762092459
272 144.673625702 40.990534893 -86.770899794
273 140.101841848 43.195487064 -93.613057856
274 135.530057994 40.990534893 -100.455215918
275 132.183279931 34.966493532 -105.464023252
276 130.95827414 26.7375 -107.297373979
277 132.183279931 18.508506468 -105.464023252
278 135.530057994 12.484465107 -100.455215918
279 136.794998554 18.085024158 -91.403495808
280 140.958032916 22.411262079 -85.17307459
281 140.958032916 31.063737921 -85.17307459
282 136.794998554 35.389975842 -91.403495808
283 132.631964191 31.063737921 -97.633917025
284 132.631964191 22.411262079 -97.633917025
285 135.65553801 26.7375 -90.642132614
286 165.261390445 10.279512936 -32.87253441
287 166.866787443 12.484465107 -24.801658681
288 168.042019612 18.508506468 -18.893367586
289 168.472184441 26.7375 -16.730782952
290 168.042019612 34.966493532 -18.893367586
291 166.866787443 40.990534893 -24.801658681
292 165.261390445 43.195487064 -32.87253441
293 163.655993447 40.990534893 -40.943410139
294 162.480761278 34.966493532 -46.851701234
295 162.050596449 26.7375 -49.014285867
296 162.480761278 18.508506468 -46.851701234
297 163.655993447 12.484465107 -40.943410139
298 161.360702819 18.085024158 -32.0966394
299 162.822566084 22.411262079 -24.747356479
300 162.822566084 31.063737921 -24.747356479
301 161.360702819 35.389975842 -32.0966394
302 159.898839555 31.063737921 -39.445922321
303 159.898839555 22.411262079 -39.445922321
304 160.016617465 26.7375 -31.8292842
305 165.261390445 -43.195487064 32.87253441
306 163.655993447 -40.990534893 40.943410139
307 162.480761278 -34.966493532 46.851701234
308 162.050596449 -26.7375 49.014285867
309 162.480761278 -18.508506468 46.851701234
310 163.655993447 -12.484465107 40.943410139
311 165.261390445 -10.279512936 32.87253441
312 166.866787443 -12.484465107 24.801658681
313 168.042019612 -18.508506468 18.893367586
314 168.472184441 -26.7375 16.730782952
315 168.042019612 -34.966493532 18.893367586
316 166.866787443 -40.990534893 24.801658681
317 161.360702819 -35.389975842 32.0966394
318 159.898839555 -31.063737921 39.445922321
319 159.898839555 -22.411262079 39.445922321
320 161.360702819 -18.085024158 32.0966394
321 162.822566084 -22.411262079 24.747356479
322 162.822566084 -31.063737921 24.747356479
323 160.016617465 -26.7375 31.8292842
324 140.101841848 -43.195487064 93.613057856
325 135.530057994 -40.990534893 100.455215918
326 132.183279931 -34.966493532 105.464023252
327 130.95827414 -26.7375 107.297373979
328 132.183279931 -18.508506468 105.464023252
329 135.530057994 -12.484465107 100.455215918
330 140.101841848 -10.279512936 93.613057856
331 144.673625702 -12.484465107 86.770899794
332 148.020403764 -18.508506468 81.762092459
333 149.245409556 -26.7375 79.928741732
334 148.020403764 -34.966493532 81.762092459
335 144.673625702 -40.990534893 86.770899794
336 136.794998554 -35.389975842 91.403495808
337 132.631964191 -31.063737921 97.633917025
338 132.631964191 -22.411262079 97.633917025
339 136.794998554 -18.085024158 91.403495808
340 140.958032916 -22.411262079 85.17307459
341 140.958032916 -31.063737921 85.17307459
342 135.65553801 -26.7375 90.642132614
343 93.613057856 -43.195487064 140.101841848
344 86.770899794 -40.990534893 144.673625702
345 81.762092459 -34.966493532 148.020403764
346 79.928741732 -26.7375 149.245409556
347 81.762092459 -18.508506468 148.020403764
348 86.770899794 -12.484465107 144.673625702
349 93.613057856 -10.279512936 140.101841848
350 100.455215918 -12.484465107 135.530057994
351 105.464023252 -18.508506468 132.183279931
352 107.297373979 -26.7375 130.95827414
353 105.464023252 -34.966493532 132.183279931
354 100.455215918 -40.990534893 135.530057994
355 91.403495808 -35.389975842 136.794998554
356 85.17307459 -31.063737921 140.958032916
357 85.17307459 -22.411262079 140.958032916
358 91.403495808 -18.085024158 136.794998554
359 97.633917025 -22.411262079 132.631964191
360 97.633917025 -31.063737921 132.631964191
361 90.642132614 -26.7375 135.65553801
362 32.87253441 -43.195487064 165.261390445
363 24.801658681 -40.990534893 166.866787443
364 18.893367586 -34.966493532 168.042019612
365 16.730782952 -26.7375 168.472184441
366 18.893367586 -18.508506468 168.042019612
367 24.801658681 -12.484465107 166.866787443
368 32.87253441 -10.279512936 165.261390445
369 40.943410139 -12.484465107 163.655993447
370 46.851701234 -18.508506468 162.480761278
371 49.014285867 -26.7375 162.050596449
372 46.851701234 -34.966493532 162.480761278
373 40.943410139 -40.990534893 163.655993447
374 32.0966394 -35.389975842 161.360702819
375 24.747356479 -31.063737921 162.822566084
376 24.747356479 -22.411262079 162.822566084
377 32.0966394 -18.085024158 161.360702819
378 39.445922321 -22.411262079 159.898839555
379 39.445922321 -31.063737921 159.898839555
380 31.8292842 -26.7375 160.016617465
381 -32.87253441 -43.195487064 165.261390445
382 -40.943410139 -40.990534893 163.655993447
383 -46.851701234 -34.966493532 162.480761278
384 -49.014285867 -26.7375 162.050596449
385 -46.851701234 -18.508506468 162.480761278
386 -40.943410139 -12.484465107 163.655993447
387 -32.87253441 -10.279512936 165.261390445
388 -24.801658681 -12.484465107 166.866787443
389 -18.893367586 -18.508506468 168.042019612
390 -16.730782952 -26.7375 168.472184441
391 -18.893367586 -34.966493532 168.042019612
392 -24.801658681 -40.990534893 166.866787443
393 -32.0966394 -35.389975842 161.360702819
394 -39.445922321 -31.063737921 159.898839555
395 -39.445922321 -22.411262079 159.898839555
396 -32.0966394 -18.085024158 161.360702819
397 -24.747356479 -22.411262079 162.822566084
398 -24.747356479 -31.063737921 162.822566084
399 -31.8292842 -26.7375 160.016617465
400 -93.613057856 -43.195487064 140.101841848
401 -100.455215918 -40.990534893 135.530057994
402 -105.464023252 -34.966493532 132.183279931
403 -107.297373979 -26.7375 130.95827414
404 -105.464023252 -18.508506468 132.183279931
405 -100.455215918 -12.484465107 135.530057994
406 -93.613057856 -10.279512936 140.101841848
407 -86.770899794 -12.484465107 144.673625702
408 -81.762092459 -18.508506468 148.020403764
409 -79.928741732 -26.7375 149.245409556
410 -81.762092459 -34.966493532 148.020403764
411 -86.770899794 -40.990534893 144.673625702
412 -91.403495808 -35.389975842 136.794998554
413 -97.633917025 -31.063737921 132.631964191
414 -97.633917025 -22.411262079 132.631964191
415 -91.403495808 -18.085024158 136.794998554
416 -85.17307459 -22.411262079 140.958032916
417 -85.17307459 -31.063737921 140.958032916
418 -90.642132614 -26.7375 135.65553801
419 -140.101841848 -43.195487064 93.613057856
420 -144.673625702 -40.990534893 86.770899794
421 -148.020403764 -34.966493532 81.762092459
422 -149.245409556 -26.7375 79.928741732
423 -148.020403764 -18.508506468 81.762092459
424 -144.673625702 -12.484465107 86.770899794
425 -140.101841848 -10.279512936 93.613057856
426 -135.530057994 -12.484465107 100.455215918
427 -132.183279931 -18.508506468 105.464023252
428 -130.95827414 -26.7375 107.297373979
429 -132.183279931 -34.966493532 105.464023252
430 -135.530057994 -40.990534893 100.455215918
431 -136.794998554 -35.389975842 91.403495808
432 -140.958032916 -31.063737921 85.17307459
433 -140.958032916 -22.411262079 85.17307459
434 -136.794998554 -18.085024158 91.403495808
435 -132.631964191 -22.411262079 97.633917025
436 -132.631964191 -31.063737921 97.633917025
437 -135.65553801 -26.7375 90.642132614
438 -165.261390445 -43.195487064 32.87253441
439 -166.866787443 -40.990534893 24.801658681
440 -168.042019612 -34.966493532 18.893367586
441 -168.472184441 -26.7375 16.730782952
442 -168.042019612 -18.508506468 18.893367586
443 -166.866787443 -12.484465107 24.801658681
444 -165.261390445 -10.279512936 32.87253441
445 -163.655993447 -12.484465107 40.943410139
446 -162.480761278 -18.508506468 46.851701234
447 -162.050596449 -26.7375 49.014285867
448 -162.480761278 -34.966493532 46.851701234
449 -163.655993447 -40.990534893 40.943410139
450 -161.360702819 -35.389975842 32.0966394
451 -162.822566084 -31.063737921 24.747356479
452 -162.822566084 -22.411262079 24.747356479
453 -161.360702819 -18.085024158 32.0966394
454 -159.898839555 -22.411262079 39.445922321
455 -159.898839555 -31.063737921 39.445922321
456 -160.016617465 -26.7375 31.8292842
457 -165.261390445 -43.195487064 -32.87253441
458 -163.655993447 -40.990534893 -40.943410139
459 -162.480761278 -34.966493532 -46.851701234
460 -162.050596449 -26.7375 -49.014285867
461 -162.480761278 -18.508506468 -46.851701234
462 -163.655993447 -12.484465107 -40.943410139
463 -165.261390445 -10.279512936 -32.87253441
464 -166.866787443 -12.484465107 -24.801658681
465 -168.042019612 -18.508506468 -18.893367586
466 -168.472184441 -26.7375 -16.730782952
467 -168.042019612 -34.966493532 -18.893367586
468 -166.866787443 -40.990534893 -24.801658681
469 -161.360702819 -35.389975842 -32.0966394
470 -159.898839555 -31.063737921 -39.445922321
471 -159.898839555 -22.411262079 -39.445922321
472 -161.360702819 -18.085024158 -32.0966394
473 -162.822566084 -22.411262079 -24.747356479
474 -162.822566084 -31.063737921 -24.747356479
475 -160.016617465 -26.7375 -31.8292842
476 -140.101841848 -43.195487064 -93.613057856
477 -135.530057994 -40.990534893 -100.455215918
478 -132.183279931 -34.966493532 -105.464023252
479 -130.95827414 -26.7375 -107.297373979
480 -132.183279931 -18.508506468 -105.464023252
481 -135.530057994 -12.484465107 -100.455215918
482 -140.101841848 -10.279512936 -93.613057856
483 -144.673625702 -12.484465107 -86.770899794
484 -148.020403764 -18.508506468 -81.762092459
485 -149.245409556 -26.7375 -79.928741732
486 -148.020403764 -34.966493532 -81.762092459
487 -144.673625702 -40.990534893 -86.770899794
488 -136.794998554 -35.389975842 -91.403495808
489 -132.631964191 -31.063737921 -97.633917025
490 -132.631964191 -22.411262079 -97.633917025
491 -136.794998554 -18.085024158 -91.403495808
492 -140.958032916 -22.411262079 -85.17307459
493 -140.958032916 -31.063737921 -85.17307459
494 -135.65553801 -26.7375 -90.642132614
495 -93.613057856 -43.195487064 -140.101841848
496 -86.770899794 -40.990534893 -144.673625702
497 -81.762092459 -34.966493532 -148.020403764
498 -79.928741732 -26.7375 -149.245409556
499 -81.762092459 -18.508506468 -148.020403764
500 -86.770899794 -12.484465107 -144.673625702
501 -93.613057856 -10.279512936 -140.101841848
502 -100.455215918 -12.484465107 -135.530057994
503 -105.464023252 -18.508506468 -132.183279931
504 -107.297373979 -26.7375 -130.95827414
505 -105.464023252 -34.966493532 -132.183279931
506 -100.455215918 -40.990534893 -135.530057994
507 -91.403495808 -35.389975842 -136.794998554
508 -85.17307459 -31.063737921 -140.958032916
509 -85.17307459 -22.411262079 -140.958032916
510 -91.403495808 -18.085024158 -136.794998554
511 -97.633917025 -22.411262079 -132.631964191
512 -97.633917025 -31.063737921 -132.631964191
513 -90.642132614 -26.7375 -135.65553801
514 -32.87253441 -43.195487064 -165.261390445
515 -24.801658681 -40.990534893 -166.866787443
516 -18.893367586 -34.966493532 -168.042019612
517 -16.730782952 -26.7375 -168.472184441
518 -18.893367586 -18.508506468 -168.042019612
519 -24.801658681 -12.484465107 -166.866787443
520 -32.87253441 -10.279512936 -165.261390445
521 -40.943410139 -12.484465107 -163.655993447
522 -46.851701234 -18.508506468 -162.480761278
523 -49.014285867 -26.7375 -162.050596449
524 -46.851701234 -34.966493532 -162.480761278
525 -40.943410139 -40.990534893 -163.655993447
526 -32.0966394 -35.389975842 -161.360702819
527 -24.747356479 -31.063737921 -162.822566084
528 -24.747356479 -22.411262079 -162.822566084
529 -32.0966394 -18.085024158 -161.360702819
530 -39.445922321 -22.411262079 -159.898839555
531 -39.445922321 -31.063737921 -159.898839555
532 -31.8292842 -26.7375 -160.016617465
533 32.87253441 -43.195487064 -165.261390445
534 40.943410139 -40.990534893 -163.655993447
535 46.851701234 -34.966493532 -162.480761278
536 49.014285867 -26.7375 -162.050596449
537 46.851701234 -18.508506468 -162.480761278
538 40.943410139 -12.484465107 -163.655993447
539 32.87253441 -10.279512936 -165.261390445
540 24.801658681 -12.484465107 -166.866787443
541 18.893367586 -18.508506468 -168.042019612
542 16.730782952 -26.7375 -168.472184441
543 18.893367586 -34.966493532 -168.042019612
544 24.801658681 -40.990534893 -166.866787443
545 32.0966394 -35.389975842 -161.360702819
546 39.445922321 -31.063737921 -159.898839555
547 39.445922321 -22.411262079 -159.898839555
548 32.0966394 -18.085024158 -161.360702819
549 24.747356479 -22.411262079 -162.822566084
550 24.747356479 -31.063737921 -162.822566084
551 31.8292842 -26.7375 -160.016617465
552 93.613057856 -43.195487064 -140.101841848
553 100.455215918 -40.990534893 -135.530057994
554 105.464023252 -34.966493532 -132.183279931
555 107.297373979 -26.7375 -130.95827414
556 105.464023252 -18.508506468 -132.183279931
557 100.455215918 -12.484465107 -135.530057994
558 93.613057856 -10.279512936 -140.101841848
559 86.770899794 -12.484465107 -144.673625702
560 81.762092459 -18.508506468 -148.020403764
561 79.928741732 -26.7375 -149.245409556
562 81.762092459 -34.966493532 -148.020403764
563 86.770899794 -40.990534893 -144.673625702
564 91.403495808 -35.389975842 -136.794998554
565 97.633917025 -31.063737921 -132.631964191
566 97.633917025 -22.411262079 -132.631964191
567 91.403495808 -18.085024158 -136.794998554
568 85.17307459 -22.411262079 -140.958032916
569 85.17307459 -31.063737921 -140.958032916
570 90.642132614 -26.7375 -135.65553801
571 140.101841848 -43.195487064 -93.613057856
572 144.673625702 -40.990534893 -86.770899794
573 148.020403764 -34.966493532 -81.762092459
574 149.245409556 -26.7375 -79.928741732
575 148.020403764 -18.508506468 -81.762092459
576 144.673625702 -12.484465107 -86.770899794
577 140.101841848 -10.279512936 -93.613057856
578 135.530057994 -12.484465107 -100.455215918
579 132.183279931 -18.508506468 -105.464023252
580 130.95827414 -26.7375 -107.297373979
581 132.183279931 -34.966493532 -105.464023252
582 135.530057994 -40.990534893 -100.455215918
583 136.794998554 -35.389975842 -91.403495808
584 140.958032916 -31.063737921 -85.17307459
585 140.958032916 -22.411262079 -85.17307459
586 136.794998554 -18.085024158 -91.403495808
587 132.631964191 -22.411262079 -97.633917025
588 132.631964191 -31.063737921 -97.633917025
589 135.65553801 -26.7375 -90.642132614
590 165.261390445 -43.195487064 -32.87253441
591 166.866787443 -40.990534893 -24.801658681
592 168.042019612 -34.966493532 -18.893367586
593 168.472184441 -26.7375 -16.730782952
594 168.042019612 -18.508506468 -18.893367586
595 166.866787443 -12.484465107 -24.801658681
596 165.261390445 -10.279512936 -32.87253441
597 163.655993447 -12.484465107 -40.943410139
598 162.480761278 -18.508506468 -46.851701234
599 162.050596449 -26.7375 -49.014285867
600 162.480761278 -34.966493532 -46.851701234
601 163.655993447 -40.990534893 -40.943410139
602 161.360702819 -35.389975842 -32.0966394
603 162.822566084 -31.063737921 -24.747356479
604 162.822566084 -22.411262079 -24.747356479
605 161.360702819 -18.085024158 -32.0966394
606 159.898839555 -22.411262079 -39.445922321
607 159.898839555 -31.063737921 -39.445922321
608 160.016617465 -26.7375 -31.8292842
609 165.261390445 -96.670487064 32.87253441
610 163.655993447 -94.465534893 40.943410139
611 162.480761278 -88.441493532 46.851701234
612 162.050596449 -80.2125 49.014285867
613 162.480761278 -71.983506468 46.851701234
614 163.655993447 -65.959465107 40.943410139
615 165.261390445 -63.754512936 32.87253441
616 166.866787443 -65.959465107 24.801658681
617 168.042019612 -71.983506468 18.893367586
618 168.472184441 -80.2125 16.730782952
619 168.042019612 -88.441493532 18.893367586
620 166.866787443 -94.465534893 24.801658681
621 161.360702819 -88.864975842 32.0966394
622 159.898839555 -84.538737921 39.445922321
623 159.898839555 -75.886262079 39.445922321
624 161.360702819 -71.560024158 32.0966394
625 162.822566084 -75.886262079 24.747356479
626 162.822566084 -84.538737921 24.747356479
627 160.016617465 -80.2125 31.8292842
628 140.101841848 -96.670487064 93.613057856
629 135.530057994 -94.465534893 100.455215918
630 132.183279931 -88.441493532 105.464023252
631 130.95827414 -80.2125 107.297373979
632 132.183279931 -71.983506468 105.464023252
633 135.530057994 -65.959465107 100.455215918
634 140.101841848 -63.754512936 93.613057856
635 144.673625702 -65.959465107 86.770899794
636 148.020403764 -71.983506468 81.762092459
637 149.245409556 -80.2125 79.928741732
638 148.020403764 -88.441493532 81.762092459
639 144.673625702 -94.465534893 86.770899794
640 136.794998554 -88.864975842 91.403495808
641 132.631964191 -84.538737921 97.633917025
642 132.631964191 -75.886262079 97.633917025
643 136.794998554 -71.560024158 91.403495808
644 140.958032916 -75.886262079 85.17307459
645 140.958032916 -84.538737921 85.17307459
646 135.65553801 -80.2125 90.642132614
647 93.613057856 -96.670487064 140.101841848
648 86.770899794 -94.465534893 144.673625702
649 81.762092459 -88.441493532 148.020403764
650 79.928741732 -80.2125 149.245409556
651 81.762092459 -71.983506468 148.020403764
652 86.770899794 -65.959465107 144.673625702
653 93.613057856 -63.754512936 140.101841848
654 100.455215918 -65.959465107 135.530057994
655 105.464023252 -71.983506468 132.183279931
656 107.297373979 -80.2125 130.95827414
657 105.464023252 -88.441493532 132.183279931
658 100.455215918 -94.465534893 135.530057994
659 91.403495808 -88.864975842 136.794998554
660 85.17307459 -84.538737921 140.958032916
661 85.17307459 -75.886262079 140.958032916
662 91.403495808 -71.560024158 136.794998554
663 97.633917025 -75.886262079 132.631964191
664 97.633917025 -84.538737921 132.631964191
665 90.642132614 -80.2125 135.65553801
666 32.87253441 -96.670487064 165.261390445
667 24.801658681 -94.465534893 166.866787443
668 18.893367586 -88.441493532 168.042019612
669 16.730782952 -80.2125 168.472184441
670 18.893367586 -71.983506468 168.042019612
671 24.801658681 -65.959465107 166.866787443
672 32.87253441 -63.754512936 165.261390445
673 40.943410139 -65.959465107 163.655993447
674 46.851701234 -71.983506468 162.480761278
675 49.014285867 -80.2125 162.050596449
676 46.851701234 -88.441493532 162.480761278
677 40.943410139 -94.465534893 163.655993447
678 32.0966394 -88.864975842 161.360702819
679 24.747356479 -84.538737921 162.822566084
680 24.747356479 -75.886262079 162.822566084
681 32.0966394 -71.560024158 161.360702819
682 39.445922321 -75.886262079 159.898839555
683 39.445922321 -84.538737921 159.898839555
684 31.8292842 -80.2125 160.016617465
685 -32.87253441 -96.670487064 165.261390445
686 -40.943410139 -94.465534893 163.655993447
687 -46.851701234 -88.441493532 162.480761278
688 -49.014285867 -80.2125 162.050596449
689 -46.851701234 -71.983506468 162.480761278
690 -40.943410139 -65.959465107 163.655993447
691 -32.87253441 -63.754512936 165.261390445
692 -24.801658681 -65.959465107 166.866787443
693 -18.893367586 -71.983506468 168.042019612
694 -16.730782952 -80.2125 168.472184441
695 -18.893367586 -88.441493532 168.042019612
696 -24.801658681 -94.465534893 166.866787443
697 -32.0966394 -88.864975842 161.360702819
698 -39.445922321 -84.538737921 159.898839555
699 -39.445922321 -75.886262079 159.898839555
700 -32.0966394 -71.560024158 161.360702819
701 -24.747356479 -75.886262079 162.822566084
702 -24.747356479 -84.538737921 162.822566084
703 -31.8292842 -80.2125 160.016617465
704 -93.613057856 -96.670487064 140.101841848
705 -100.455215918 -94.465534893 135.530057994
706 -105.464023252 -88.441493532 132.183279931
707 -107.297373979 -80.2125 130.95827414
708 -105.464023252 -71.983506468 132.183279931
709 -100.455215918 -65.959465107 135.530057994
710 -93.613057856 -63.754512936 140.101841848
711 -86.770899794 -65.959465107 144.673625702
712 -81.762092459 -71.983506468 148.020403764
713 -79.928741732 -80.2125 149.245409556
714 -81.762092459 -88.441493532 148.020403764
715 -86.770899794 -94.465534893 144.673625702
716 -91.403495808 -88.864975842 136.794998554
717 -97.633917025 -84.538737921 132.631964191
718 -97.633917025 -75.886262079 132.631964191
719 -91.403495808 -71.560024158 136.794998554
720 -85.17307459 -75.886262079 140.958032916
721 -85.17307459 -84.538737921 140.958032916
722 -90.642132614 -80.2125 135.65553801
723 -140.101841848 -96.670487064 93.613057856
724 -144.673625702 -94.465534893 86.770899794
725 -148.020403764 -88.441493532 81.762092459
726 -149.245409556 -80.2125 79.928741732
727 -148.020403764 -71.983506468 81.762092459
728 -144.673625702 -65.959465107 86.770899794
729 -140.101841848 -63.754512936 93.613057856
730 -135.530057994 -65.959465107 100.455215918
731 -132.183279931 -71.983506468 105.464023252
732 -130.95827414 -80.2125 107.297373979
733 -132.183279931 -88.441493532 105.464023252
734 -135.530057994 -94.465534893 100.455215918
735 -136.794998554 -88.864975842 91.403495808
736 -140.958032916 -84.538737921 85.17307459
737 -140.958032916 -75.886262079 85.17307459
738 -136.794998554 -71.560024158 91.403495808
739 -132.631964191 -75.886262079 97.633917025
740 -132.631964191 -84.538737921 97.633917025
741 -135.65553801 -80.2125 90.642132614
742 -165.261390445 -96.670487064 32.87253441
743 -166.866787443 -94.465534893 24.801658681
744 -168.042019612 -88.441493532 18.893367586
745 -168.472184441 -80.2125 16.730782952
746 -168.042019612 -71.983506468 18.893367586
747 -166.866787443 -65.959465107 24.801658681
748 -165.261390445 -63.754512936 32.87253441
749 -163.655993447 -65.959465107 40.943410139
750 -162.480761278 -71.983506468 46.851701234
751 -162.050596449 -80.2125 49.014285867
752 -162.480761278 -88.441493532 46.851701234
753 -163.655993447 -94.465534893 40.943410139
754 -161.360702819 -88.864975842 32.0966394
755 -162.822566084 -84.538737921 24.747356479
756 -162.822566084 -75.886262079 24.747356479
757 -161.360702819 -71.560024158 32.0966394
758 -159.898839555 -75.886262079 39.445922321
759 -159.898839555 -84.538737921 39.445922321
760 -160.016617465 -80.2125 31.8292842
761 -165.261390445 -96.670487064 -32.87253441
762 -163.655993447 -94.465534893 -40.943410139
763 -162.480761278 -88.441493532 -46.851701234
764 -162.050596449 -80.2125 -49.014285867
765 -162.480761278 -71.983506468 -46.851701234
766 -163.655993447 -65.959465107 -40.943410139
767 -165.261390445 -63.754512936 -32.87253441
768 -166.866787443 -65.959465107 -24.801658681
769 -168.042019612 -71.983506468 -18.893367586
770 -168.472184441 -80.2125 -16.730782952
771 -168.042019612 -88.441493532 -18.893367586
772 -166.866787443 -94.465534893 -24.801658681
773 -161.360702819 -88.864975842 -32.0966394
774 -159.898839555 -84.538737921 -39.445922321
775 -159.898839555 -75.886262079 -39.445922321
776 -161.360702819 -71.560024158 -32.0966394
777 -162.822566084 -75.886262079 -24.747356479
778 -162.822566084 -84.538737921 -24.747356479
779 -160.016617465 -80.2125 -31.8292842
780 -140.101841848 -96.670487064 -93.613057856
781 -135.530057994 -94.465534893 -100.455215918
782 -132.183279931 -88.441493532 -105.464023252
783 -130.95827414 -80.2125 -107.297373979
784 -132.183279931 -71.983506468 -105.464023252
785 -135.530057994 -65.959465107 -100.455215918
786 -140.101841848 -63.754512936 -93.613057856
787 -144.673625702 -65.959465107 -86.770899794
788 -148.020403764 -71.983506468 -81.762092459
789 -149.245409556 -80.2125 -79.928741732
790 -148.020403764 -88.441493532 -81.762092459
791 -144.673625702 -94.465534893 -86.770899794
792 -136.794998554 -88.864975842 -91.403495808
793 -132.631964191 -84.538737921 -97.633917025
794 -132.631964191 -75.886262079 -97.633917025
795 -136.794998554 -71.560024158 -91.403495808
796 -140.958032916 -75.886262079 -85.17307459
797 -140.958032916 -84.538737921 -85.17307459
798 -135.65553801 -80.2125 -90.642132614
799 -93.613057856 -96.670487064 -140.101841848
800 -86.770899794 -94.465534893 -144.673625702
801 -81.762092459 -88.441493532 -148.020403764
802 -79.928741732 -80.2125 -149.245409556
803 -81.762092459 -71.983506468 -148.020403764
804 -86.770899794 -65.959465107 -144.673625702
805 -93.613057856 -63.754512936 -140.101841848
806 -100.455215918 -65.959465107 -135.530057994
807 -105.464023252 -71.983506468 -132.183279931
808 -107.297373979 -80.2125 -130.95827414
809 -105.464023252 -88.441493532 -132.183279931
810 -100.455215918 -94.465534893 -135.530057994
811 -91.403495808 -88.864975842 -136.794998554
812 -85.17307459 -84.538737921 -140.958032916
813 -85.17307459 -75.886262079 -140.958032916
814 -91.403495808 -71.560024158 -136.794998554
815 -97.633917025 -75.886262079 -132.631964191
816 -97.633917025 -84.538737921 -132.631964191
817 -90.642132614 -80.2125 -135.65553801
818 -32.87253441 -96.670487064 -165.261390445
819 -24.801658681 -94.465534893 -166.866787443
820 -18.893367586 -88.441493532 -168.042019612
821 -16.730782952 -80.2125 -168.472184441
822 -18.893367586 -71.983506468 -168.042019612
823 -24.801658681 -65.959465107 -166.866787443
824 -32.87253441 -63.754512936 -165.261390445
825 -40.943410139 -65.959465107 -163.655993447
826 -46.851701234 -71.983506468 -162.480761278
827 -49.014285867 -80.2125 -162.050596449
828 -46.851701234 -88.441493532 -162.480761278
829 -40.943410139 -94.465534893 -163.655993447
830 -32.0966394 -88.864975842 -161.360702819
831 -24.747356479 -84.538737921 -162.822566084
832 -24.747356479 -75.886262079 -162.822566084
833 -32.0966394 -71.560024158 -161.360702819
834 -39.445922321 -75.886262079 -159.898839555
835 -39.445922321 -84.538737921 -159.898839555
836 -31.8292842 -80.2125 -160.016617465
837 32.87253441 -96.670487064 -165.261390445
838 40.943410139 -94.465534893 -163.655993447
839 46.851701234 -88.441493532 -162.480761278
840 49.014285867 -80.2125 -162.050596449
841 46.851701234 -71.983506468 -162.480761278
842 40.943410139 -65.959465107 -163.655993447
843 32.87253441 -63.754512936 -165.261390445
844 24.801658681 -65.959465107 -166.866787443
845 18.893367586 -71.983506468 -168.042019612
846 16.730782952 -80.2125 -168.472184441
847 18.893367586 -88.441493532 -168.042019612
848 24.801658681 -94.465534893 -166.866787443
849 32.0966394 -88.864975842 -161.360702819
850 39.445922321 -84.538737921 -159.898839555
851 39.445922321 -75.886262079 -159.898839555
852 32.0966394 -71.560024158 -161.360702819
853 24.747356479 -75.886262079 -162.822566084
854 24.747356479 -84.538737921 -162.822566084
855 31.8292842 -80.2125 -160.016617465
856 93.613057856 -96.670487064 -140.101841848
857 100.455215918 -94.465534893 -135.530057994
858 105.464023252 -88.441493532 -132.183279931
859 107.297373979 -80.2125 -130.95827414
860 105.464023252 -71.983506468 -132.183279931
861 100.455215918 -65.959465107 -135.530057994
862 93.613057856 -63.754512936 -140.101841848
863 86.770899794 -65.959465107 -144.673625702
864 81.762092459 -71.983506468 -148.020403764
865 79.928741732 -80.2125 -149.245409556
866 81.762092459 -88.441493532 -148.020403764
867 86.770899794 -94.465534893 -144.673625702
868 91.403495808 -88.864975842 -136.794998554
869 97.633917025 -84.538737921 -132.631964191
870 97.633917025 -75.886262079 -132.631964191
871 91.403495808 -71.560024158 -136.794998554
872 85.17307459 -75.886262079 -140.958032916
873 85.17307459 -84.538737921 -140.958032916
874 90.642132614 -80.2125 -135.65553801
875 140.101841848 -96.670487064 -93.613057856
876 144.673625702 -94.465534893 -86.770899794
877 148.020403764 -88.441493532 -81.762092459
878 149.245409556 -80.2125 -79.928741732
879 148.020403764 -71.983506468 -81.762092459
880 144.673625702 -65.959465107 -86.770899794
881 140.101841848 -63.754512936 -93.613057856
882 135.530057994 -65.959465107 -100.455215918
883 132.183279931 -71.983506468 -105.464023252
884 130.95827414 -80.2125 -107.297373979
885 132.183279931 -88.441493532 -105.464023252
886 135.530057994 -94.465534893 -100.455215918
887 136.794998554 -88.864975842 -91.403495808
888 140.958032916 -84.538737921 -85.17307459
889 140.958032916 -75.886262079 -85.17307459
890 136.794998554 -71.560024158 -91.403495808
891 132.631964191 -75.886262079 -97.633917025
892 132.631964191 -84.538737921 -97.633917025
893 135.65553801 -80.2125 -90.642132614
894 165.261390445 -96.670487064 -32.87253441
895 166.866787443 -94.465534893 -24.801658681
896 168.042019612 -88.441493532 -18.893367586
897 168.472184441 -80.2125 -16.730782952
898 168.042019612 -71.983506468 -18.893367586
899 166.866787443 -65.959465107 -24.801658681
900 165.261390445 -63.754512936 -32.87253441
901 163.655993447 -65.959465107 -40.943410139
902 162.480761278 -71.983506468 -46.851701234
903 162.050596449 -80.2125 -49.014285867
904 162.480761278 -88.441493532 -46.851701234
905 163.655993447 -94.465534893 -40.943410139
906 161.360702819 -88.864975842 -32.0966394
907 162.822566084 -84.538737921 -24.747356479
908 162.822566084 -75.886262079 -24.747356479
909 161.360702819 -71.560024158 -32.0966394
910 159.898839555 -75.886262079 -39.445922321
911 159.898839555 -84.538737921 -39.445922321
912 160.016617465 -80.2125 -31.8292842
913 -132.457987064 -133.399052491 -58
914 -130.253034893 -133.399052491 -49.771006468
915 -124.228993532 -133.399052491 -43.746965107
916 -116 -133.399052491 -41.542012936
917 -107.771006468 -133.399052491 -43.746965107
918 -101.746965107 -133.399052491 -49.771006468
919 -99.542012936 -133.399052491 -58
920 -101.746965107 -133.399052491 -66.228993532
921 -107.771006468 -133.399052491 -72.253034893
922 -116 -133.399052491 -74.457987064
923 -124.228993532 -133.399052491 -72.253034893
924 -130.253034893 -133.399052491 -66.228993532
925 -124.652475842 -129.421945877 -58
926 -120.326237921 -129.421945877 -50.506736115
927 -111.673762079 -129.421945877 -50.506736115
928 -107.347524158 -129.421945877 -58
929 -111.673762079 -129.421945877 -65.493263885
930 -120.326237921 -129.421945877 -65.493263885
931 -116 -128.051528333 -58
932 -132.457987064 -133.399052491 0
933 -130.253034893 -133.399052491 8.228993532
934 -124.228993532 -133.399052491 14.253034893
935 -116 -133.399052491 16.457987064
936 -107.771006468 -133.399052491 14.253034893
937 -101.746965107 -133.399052491 8.228993532
938 -99.542012936 -133.399052491 0
939 -101.746965107 -133.399052491 -8.228993532
940 -107.771006468 -133.399052491 -14.253034893
941 -116 -133.399052491 -16.457987064
942 -124.228993532 -133.399052491 -14.253034893
943 -130.253034893 -133.399052491 -8.228993532
944 -124.652475842 -129.421945877 0
945 -120.326237921 -129.421945877 7.493263885
946 -111.673762079 -129.421945877 7.493263885
947 -107.347524158 -129.421945877 0
948 -111.673762079 -129.421945877 -7.493263885
949 -120.326237921 -129.421945877 -7.493263885
950 -116 -128.051528333 0
951 -132.457987064 -133.399052491 58
952 -130.253034893 -133.399052491 66.228993532
953 -124.228993532 -133.399052491 72.253034893
954 -116 -133.399052491 74.457987064
955 -107.771006468 -133.399052491 72.253034893
956 -101.746965107 -133.399052491 66.228993532
957 -99.542012936 -133.399052491 58
958 -101.746965107 -133.399052491 49.771006468
959 -107.771006468 -133.399052491 43.746965107
960 -116 -133.399052491 41.542012936
961 -124.228993532 -133.399052491 43.746965107
962 -130.253034893 -133.399052491 49.771006468
963 -124.652475842 -129.421945877 58
964 -120.326237921 -129.421945877 65.493263885
965 -111.673762079 -129.421945877 65.493263885
966 -107.347524158 -129.421945877 58
967 -111.673762079 -129.421945877 50.506736115
968 -120.326237921 -129.421945877 50.506736115
969 -116 -128.051528333 58
970 -74.457987064 -133.399052491 -116
971 -72.253034893 -133.399052491 -107.771006468
972 -66.228993532 -133.399052491 -101.746965107
973 -58 -133.399052491 -99.542012936
974 -49.771006468 -133.399052491 -101.746965107
975 -43.746965107 -133.399052491 -107.771006468
976 -41.542012936 -133.399052491 -116
977 -43.746965107 -133.399052491 -124.228993532
978 -49.771006468 -133.399052491 -130.253034893
979 -58 -133.399052491 -132.457987064
980 -66.228993532 -133.399052491 -130.253034893
981 -72.253034893 -133.399052491 -124.228993532
982 -66.652475842 -129.421945877 -116
983 -62.326237921 -129.421945877 -108.506736115
984 -53.673762079 -129.421945877 -108.506736115
985 -49.347524158 -129.421945877 -116
986 -53.673762079 -129.421945877 -123.493263885
987 -62.326237921 -129.421945877 -123.493263885
988 -58 -128.051528333 -116
989 -74.457987064 -133.399052491 -58
990 -72.253034893 -133.399052491 -49.771006468
991 -66.228993532 -133.399052491 -43.746965107
992 -58 -133.399052491 -41.542012936
993 -49.771006468 -133.399052491 -43.746965107
994 -43.746965107 -133.399052491 -49.771006468
995 -41.542012936 -133.399052491 -58
996 -43.746965107 -133.399052491 -66.228993532
997 -49.771006468 -133.399052491 -72.253034893
998 -58 -133.399052491 -74.457987064
999 -66.228993532 -133.399052491 -72.253034893
1000 -72.253034893 -133.399052491 -66.228993532
1001 -66.652475842 -129.421945877 -58
1002 -62.326237921 -129.421945877 -50.506736115
1003 -53.673762079 -129.421945877 -50.506736115
1004 -49.347524158 -129.421945877 -58
1005 -53.673762079 -129.421945877 -65.493263885
1006 -62.326237921 -129.421945877 -65.493263885
1007 -58 -128.051528333 -58
1008 -74.457987064 -133.399052491 0
1009 -72.253034893 -133.399052491 8.228993532
1010 -66.228993532 -133.399052491 14.253034893
1011 -58 -133.399052491 16.457987064
1012 -49.771006468 -133.399052491 14.253034893
1013 -43.746965107 -133.399052491 8.228993532
1014 -41.542012936 -133.399052491 0
1015 -43.746965107 -133.399052491 -8.228993532
1016 -49.771006468 -133.399052491 -14.253034893
1017 -58 -133.399052491 -16.457987064
1018 -66.228993532 -133.399052491 -14.253034893
1019 -72.253034893 -133.399052491 -8.228993532
1020 -66.652475842 -129.421945877 0
1021 -62.326237921 -129.421945877 7.493263885
1022 -53.673762079 -129.421945877 7.493263885
1023 -49.347524158 -129.421945877 0
1024 -53.673762079 -129.421945877 -7.493263885
1025 -62.326237921 -129.421945877 -7.493263885
1026 -58 -128.051528333 0
1027 -74.457987064 -133.399052491 58
1028 -72.253034893 -133.399052491 66.228993532
1029 -66.228993532 -133.399052491 72.253034893
1030 -58 -133.399052491 74.457987064
1031 -49.771006468 -133.399052491 72.253034893
1032 -43.746965107 -133.399052491 66.228993532
1033 -41.542012936 -133.399052491 58
1034 -43.746965107 -133.399052491 49.771006468
1035 -49.771006468 -133.399052491 43.746965107
1036 -58 -133.399052491 41.542012936
1037 -66.228993532 -133.399052491 43.746965107
1038 -72.253034893 -133.399052491 49.771006468
1039 -66.652475842 -129.421945877 58
1040 -62.326237921 -129.421945877 65.493263885
1041 -53.673762079 -129.421945877 65.493263885
1042 -49.347524158 -129.421945877 58
1043 -53.673762079 -129.421945877 50.506736115
1044 -62.326237921 -129.421945877 50.506736115
1045 -58 -128.051528333 58
1046 -74.457987064 -133.399052491 116
1047 -72.253034893 -133.399052491 124.228993532
1048 -66.228993532 -133.399052491 130.253034893
1049 -58 -133.399052491 132.457987064
1050 -49.771006468 -133.399052491 130.253034893
1051 -43.746965107 -133.399052491 124.228993532
1052 -41.542012936 -133.399052491 116
1053 -43.746965107 -133.399052491 107.771006468
1054 -49.771006468 -133.399052491 101.746965107
1055 -58 -133.399052491 99.542012936
1056 -66.228993532 -133.399052491 101.746965107
1057 -72.253034893 -133.399052491 107.771006468
1058 -66.652475842 -129.421945877 116
1059 -62.326237921 -129.421945877 123.493263885
1060 -53.673762079 -129.421945877 123.493263885
1061 -49.347524158 -129.421945877 116
1062 -53.673762079 -129.421945877 108.506736115
1063 -62.326237921 -129.421945877 108.506736115
1064 -58 -128.051528333 116
1065 -16.457987064 -133.399052491 -116
1066 -14.253034893 -133.399052491 -107.771006468
1067 -8.228993532 -133.399052491 -101.746965107
1068 0 -133.399052491 -99.542012936
1069 8.228993532 -133.399052491 -101.746965107
1070 14.253034893 -133.399052491 -107.771006468
1071 16.457987064 -133.399052491 -116
1072 14.253034893 -133.399052491 -124.228993532
1073 8.228993532 -133.399052491 -130.253034893
1074 0 -133.399052491 -132.457987064
1075 -8.228993532 -133.399052491 -130.253034893
1076 -14.253034893 -133.399052491 -124.228993532
1077 -8.652475842 -129.421945877 -116
1078 -4.326237921 -129.421945877 -108.506736115
1079 4.326237921 -129.421945877 -108.506736115
1080 8.652475842 -129.421945877 -116
1081 4.326237921 -129.421945877 -123.493263885
1082 -4.326237921 -129.421945877 -123.493263885
1083 0 -128.051528333 -116
1084 -16.457987064 -133.399052491 -58
1085 -14.253034893 -133.399052491 -49.771006468
1086 -8.228993532 -133.399052491 -43.746965107
1087 0 -133.399052491 -41.542012936
1088 8.228993532 -133.399052491 -43.746965107
1089 14.253034893 -133.399052491 -49.771006468
1090 16.457987064 -133.399052491 -58
1091 14.253034893 -133.399052491 -66.228993532
1092 8.228993532 -133.399052491 -72.253034893
1093 0 -133.399052491 -74.457987064
1094 -8.228993532 -133.399052491 -72.253034893
1095 -14.253034893 -133.399052491 -66.228993532
1096 -8.652475842 -129.421945877 -58
1097 -4.326237921 -129.421945877 -50.506736115
1098 4.326237921 -129.421945877 -50.506736115
1099 8.652475842 -129.421945877 -58
1100 4.326237921 -129.421945877 -65.493263885
1101 -4.326237921 -129.421945877 -65.493263885
1102 0 -128.051528333 -58
1103 -16.457987064 -133.399052491 0
1104 -14.253034893 -133.399052491 8.228993532
1105 -8.228993532 -133.399052491 14.253034893
1106 0 -133.399052491 16.457987064
1107 8.228993532 -133.399052491 14.253034893
1108 14.253034893 -133.399052491 8.228993532
1109 16.457987064 -133.399052491 0
1110 14.253034893 -133.399052491 -8.228993532
1111 8.228993532 -133.399052491 -14.253034893
1112 0 -133.399052491 -16.457987064
1113 -8.228993532 -133.399052491 -14.253034893
1114 -14.253034893 -133.399052491 -8.228993532
1115 -8.652475842 -129.421945877 0
1116 -4.326237921 -129.421945877 7.493263885
1117 4.326237921 -129.421945877 7.493263885
1118 8.652475842 -129.421945877 0
1119 4.326237921 -129.421945877 -7.493263885
1120 -4.326237921 -129.421945877 -7.493263885
1121 0 -128.051528333 0
1122 -16.457987064 -133.399052491 58
1123 -14.253034893 -133.399052491 66.228993532
1124 -8.228993532 -133.399052491 72.253034893
1125 0 -133.399052491 74.457987064
1126 8.228993532 -133.399052491 72.253034893
1127 14.253034893 -133.399052491 66.228993532
1128 16.457987064 -133.399052491 58
1129 14.253034893 -133.399052491 49.771006468
1130 8.228993532 -133.399052491 43.746965107
1131 0 -133.399052491 41.542012936
1132 -8.228993532 -133.399052491 43.746965107
1133 -14.253034893 -133.399052491 49.771006468
1134 -8.652475842 -129.421945877 58
1135 -4.326237921 -129.421945877 65.493263885
1136 4.326237921 -129.421945877 65.493263885
1137 8.652475842 -129.421945877 58
1138 4.326237921 -129.421945877 50.506736115
1139 -4.326237921 -129.421945877 50.506736115
1140 0 -128.051528333 58
1141 -16.457987064 -133.399052491 116
1142 -14.253034893 -133.399052491 124.228993532
1143 -8.228993532 -133.399052491 130.253034893
1144 0 -133.399052491 132.457987064
1145 8.228993532 -133.399052491 130.253034893
1146 14.253034893 -133.399052491 124.228993532
1147 16.457987064 -133.399052491 116
1148 14.253034893 -133.399052491 107.771006468
1149 8.228993532 -133.399052491 101.746965107
1150 0 -133.399052491 99.542012936
1151 -8.228993532 -133.399052491 101.746965107
1152 -14.253034893 -133.399052491 107.771006468
1153 -8.652475842 -129.421945877 116
1154 -4.326237921 -129.421945877 123.493263885
1155 4.326237921 -129.421945877 123.493263885
1156 8.652475842 -129.421945877 116
1157 4.326237921 -129.421945877 108.506736115
1158 -4.326237921 -129.421945877 108.506736115
1159 0 -128.051528333 116
1160 41.542012936 -133.399052491 -116
1161 43.746965107 -133.399052491 -107.771006468
1162 49.771006468 -133.399052491 -101.746965107
1163 58 -133.399052491 -99.542012936
1164 66.228993532 -133.399052491 -101.746965107
1165 72.253034893 -133.399052491 -107.771006468
1166 74.457987064 -133.399052491 -116
1167 72.253034893 -133.399052491 -124.228993532
1168 66.228993532 -133.399052491 -130.253034893
1169 58 -133.399052491 -132.457987064
1170 49.771006468 -133.399052491 -130.253034893
1171 43.746965107 -133.399052491 -124.228993532
1172 49.347524158 -129.421945877 -116
1173 53.673762079 -129.421945877 -108.506736115
1174 62.326237921 -129.421945877 -108.506736115
1175 66.652475842 -129.421945877 -116
1176 62.326237921 -129.421945877 -123.493263885
1177 53.673762079 -129.421945877 -123.493263885
1178 58 -128.051528333 -116
1179 41.542012936 -133.399052491 -58
1180 43.746965107 -133.399052491 -49.771006468
1181 49.771006468 -133.399052491 -43.746965107
1182 58 -133.399052491 -41.542012936
1183 66.228993532 -133.399052491 -43.746965107
1184 72.253034893 -133.399052491 -49.771006468
1185 74.457987064 -133.399052491 -58
1186 72.253034893 -133.399052491 -66.228993532
1187 66.228993532 -133.399052491 -72.253034893
1188 58 -133.399052491 -74.457987064
1189 49.771006468 -133.399052491 -72.253034893
1190 43.746965107 -133.399052491 -66.228993532
1191 49.347524158 -129.421945877 -58
1192 53.673762079 -129.421945877 -50.506736115
1193 62.326237921 -129.421945877 -50.506736115
1194 66.652475842 -129.421945877 -58
1195 62.326237921 -129.421945877 -65.493263885
1196 53.673762079 -129.421945877 -65.493263885
1197 58 -128.051528333 -58
1198 41.542012936 -133.399052491 0
1199 43.746965107 -133.399052491 8.228993532
1200 49.771006468 -133.399052491 14.253034893
1201 58 -133.399052491 16.457987064
1202 66.228993532 -133.399052491 14.253034893
1203 72.253034893 -133.399052491 8.228993532
1204 74.457987064 -133.399052491 0
1205 72.253034893 -133.399052491 -8.228993532
1206 66.228993532 -133.399052491 -14.253034893
1207 58 -133.399052491 -16.457987064
1208 49.771006468 -133.399052491 -14.253034893
1209 43.746965107 -133.399052491 -8.228993532
1210 49.347524158 -129.421945877 0
1211 53.673762079 -129.421945877 7.493263885
1212 62.326237921 -129.421945877 7.493263885
1213 66.652475842 -129.421945877 0
1214 62.326237921 -129.421945877 -7.493263885
1215 53.673762079 -129.421945877 -7.493263885
1216 58 -128.051528333 0
1217 41.542012936 -133.399052491 58
1218 43.746965107 -133.399052491 66.228993532
1219 49.771006468 -133.399052491 72.253034893
1220 58 -133.399052491 74.457987064
1221 66.228993532 -133.399052491 72.253034893
1222 72.253034893 -133.399052491 66.228993532
1223 74.457987064 -133.399052491 58
1224 72.253034893 -133.399052491 49.771006468
1225 66.228993532 -133.399052491 43.746965107
1226 58 -133.399052491 41.542012936
1227 49.771006468 -133.399052491 43.746965107
1228 43.746965107 -133.399052491 49.771006468
1229 49.347524158 -129.421945877 58
1230 53.673762079 -129.421945877 65.493263885
1231 62.326237921 -129.421945877 65.493263885
1232 66.652475842 -129.421945877 58
1233 62.326237921 -129.421945877 50.506736115
1234 53.673762079 -129.421945877 50.506736115
1235 58 -128.051528333 58
1236 41.542012936 -133.399052491 116
1237 43.746965107 -133.399052491 124.228993532
1238 49.771006468 -133.399052491 130.253034893
1239 58 -133.399052491 132.457987064
1240 66.228993532 -133.399052491 130.253034893
1241 72.253034893 -133.399052491 124.228993532
1242 74.457987064 -133.399052491 116
1243 72.253034893 -133.399052491 107.771006468
1244 66.228993532 -133.399052491 101.746965107
1245 58 -133.399052491 99.542012936
1246 49.771006468 -133.399052491 101.746965107
1247 43.746965107 -133.399052491 107.771006468
1248 49.347524158 -129.421945877 116
1249 53.673762079 -129.421945877 123.493263885
1250 62.326237921 -129.421945877 123.493263885
1251 66.652475842 -129.421945877 116
1252 62.326237921 -129.421945877 108.506736115
1253 53.673762079 -129.421945877 108.506736115
1254 58 -128.051528333 116
1255 99.542012936 -133.399052491 -58
1256 101.746965107 -133.399052491 -49.771006468
1257 107.771006468 -133.399052491 -43.746965107
1258 116 -133.399052491 -41.542012936
1259 124.228993532 -133.399052491 -43.746965107
1260 130.253034893 -133.399052491 -49.771006468
1261 132.457987064 -133.399052491 -58
1262 130.253034893 -133.399052491 -66.228993532
1263 124.228993532 -133.399052491 -72.253034893
1264 116 -133.399052491 -74.457987064
1265 107.771006468 -133.399052491 -72.253034893
1266 101.746965107 -133.399052491 -66.228993532
1267 107.347524158 -129.421945877 -58
1268 111.673762079 -129.421945877 -50.506736115
1269 120.326237921 -129.421945877 -50.506736115
1270 124.652475842 -129.421945877 -58
1271 120.326237921 -129.421945877 -65.493263885
1272 111.673762079 -129.421945877 -65.493263885
1273 116 -128.051528333 -58
1274 99.542012936 -133.399052491 0
1275 101.746965107 -133.399052491 8.228993532
1276 107.771006468 -133.399052491 14.253034893
1277 116 -133.399052491 16.457987064
1278 124.228993532 -133.399052491 14.253034893
1279 130.253034893 -133.399052491 8.228993532
1280 132.457987064 -133.399052491 0
1281 130.253034893 -133.399052491 -8.228993532
1282 124.228993532 -133.399052491 -14.253034893
1283 116 -133.399052491 -16.457987064
1284 107.771006468 -133.399052491 -14.253034893
1285 101.746965107 -133.399052491 -8.228993532
1286 107.347524158 -129.421945877 0
1287 111.673762079 -129.421945877 7.493263885
1288 120.326237921 -129.421945877 7.493263885
1289 124.652475842 -129.421945877 0
1290 120.326237921 -129.421945877 -7.493263885
1291 111.673762079 -129.421945877 -7.493263885
1292 116 -128.051528333 0
1293 99.542012936 -133.399052491 58
1294 101.746965107 -133.399052491 66.228993532
1295 107.771006468 -133.399052491 72.253034893
1296 116 -133.399052491 74.457987064
1297 124.228993532 -133.399052491 72.253034893
1298 130.253034893 -133.399052491 66.228993532
1299 132.457987064 -133.399052491 58
1300 130.253034893 -133.399052491 49.771006468
1301 124.228993532 -133.399052491 43.746965107
1302 116 -133.399052491 41.542012936
1303 107.771006468 -133.399052491 43.746965107
1304 101.746965107 -133.399052491 49.771006468
1305 107.347524158 -129.421945877 58
1306 111.673762079 -129.421945877 65.493263885
1307 120.326237921 -129.421945877 65.493263885
1308 124.652475842 -129.421945877 58
1309 120.326237921 -129.421945877 50.506736115
1310 111.673762079 -129.421945877 50.506736115
1311 116 -128.051528333 58
1312 165.261390445 63.754512936 32.87253441
1313 163.655993447 65.959465107 40.943410139
1314 162.480761278 71.983506468 46.851701234
1315 162.050596449 80.2125 49.014285867
1316 162.480761278 88.441493532 46.851701234
1317 163.655993447 94.465534893 40.943410139
1318 165.261390445 96.670487064 32.87253441
1319 166.866787443 94.465534893 24.801658681
1320 168.042019612 88.441493532 18.893367586
1321 168.472184441 80.2125 16.730782952
1322 168.042019612 71.983506468 18.893367586
1323 166.866787443 65.959465107 24.801658681
1324 161.360702819 71.560024158 32.0966394
1325 159.898839555 75.886262079 39.445922321
1326 159.898839555 84.538737921 39.445922321
1327 161.360702819 88.864975842 32.0966394
1328 162.822566084 84.538737921 24.747356479
1329 162.822566084 75.886262079 24.747356479
1330 160.016617465 80.2125 31.8292842
1331 140.101841848 63.754512936 93.613057856
1332 135.530057994 65.959465107 100.455215918
1333 132.183279931 71.983506468 105.464023252
1334 130.95827414 80.2125 107.297373979
1335 132.183279931 88.441493532 105.464023252
1336 135.530057994 94.465534893 100.455215918
1337 140.101841848 96.670487064 93.613057856
1338 144.673625702 94.465534893 86.770899794
1339 148.020403764 88.441493532 81.762092459
1340 149.245409556 80.2125 79.928741732
1341 148.020403764 71.983506468 81.762092459
1342 144.673625702 65.959465107 86.770899794
1343 136.794998554 71.560024158 91.403495808
1344 132.631964191 75.886262079 97.633917025
1345 132.631964191 84.538737921 97.633917025
1346 136.794998554 88.864975842 91.403495808
1347 140.958032916 84.538737921 85.17307459
1348 140.958032916 75.886262079 85.17307459
1349 135.65553801 80.2125 90.642132614
1350 93.613057856 63.754512936 140.101841848
1351 86.770899794 65.959465107 144.673625702
1352 81.762092459 71.983506468 148.020403764
1353 79.928741732 80.2125 149.245409556
1354 81.762092459 88.441493532 148.020403764
1355 86.770899794 94.465534893 144.673625702
1356 93.613057856 96.670487064 140.101841848
1357 100.455215918 94.465534893 135.530057994
1358 105.464023252 88.441493532 132.183279931
1359 107.297373979 80.2125 130.95827414
1360 105.464023252 71.983506468 132.183279931
1361 100.455215918 65.959465107 135.530057994
1362 91.403495808 71.560024158 136.794998554
1363 85.17307459 75.886262079 140.958032916
1364 85.17307459 84.538737921 140.958032916
1365 91.403495808 88.864975842 136.794998554
1366 97.633917025 84.538737921 132.631964191
1367 97.633917025 75.886262079 132.631964191
1368 90.642132614 80.2125 135.65553801
1369 32.87253441 63.754512936 165.261390445
1370 24.801658681 65.959465107 166.866787443
1371 18.893367586 71.983506468 168.042019612
1372 16.730782952 80.2125 168.472184441
1373 18.893367586 88.441493532 168.042019612
1374 24.801658681 94.465534893 166.866787443
1375 32.87253441 96.670487064 165.261390445
1376 40.943410139 94.465534893 163.655993447
1377 46.851701234 88.441493532 162.480761278
1378 49.014285867 80.2125 162.050596449
1379 46.851701234 71.983506468 162.480761278
1380 40.943410139 65.959465107 163.655993447
1381 32.0966394 71.560024158 161.360702819
1382 24.747356479 75.886262079 162.822566084
1383 24.747356479 84.538737921 162.822566084
1384 32.0966394 88.864975842 161.360702819
1385 39.445922321 84.538737921 159.898839555
1386 39.445922321 75.886262079 159.898839555
1387 31.8292842 80.2125 160.016617465
1388 -32.87253441 63.754512936 165.261390445
1389 -40.943410139 65.959465107 163.655993447
1390 -46.851701234 71.983506468 162.480761278
1391 -49.014285867 80.2125 162.050596449
1392 -46.851701234 88.441493532 162.480761278
1393 -40.943410139 94.465534893 163.655993447
1394 -32.87253441 96.670487064 165.261390445
1395 -24.801658681 94.465534893 166.866787443
1396 -18.893367586 88.441493532 168.042019612
1397 -16.730782952 80.2125 168.472184441
1398 -18.893367586 71.983506468 168.042019612
1399 -24.801658681 65.959465107 166.866787443
1400 -32.0966394 71.560024158 161.360702819
1401 -39.445922321 75.886262079 159.898839555
1402 -39.445922321 84.538737921 159.898839555
1403 -32.0966394 88.864975842 161.360702819
1404 -24.747356479 84.538737921 162.822566084
1405 -24.747356479 75.886262079 162.822566084
1406 -31.8292842 80.2125 160.016617465
1407 -93.613057856 63.754512936 140.101841848
1408 -100.455215918 65.959465107 135.530057994
1409 -105.464023252 71.983506468 132.183279931
1410 -107.297373979 80.2125 130.95827414
1411 -105.464023252 88.441493532 132.183279931
1412 -100.455215918 94.465534893 135.530057994
1413 -93.613057856 96.670487064 140.101841848
1414 -86.770899794 94.465534893 144.673625702
1415 -81.762092459 88.441493532 148.020403764
1416 -79.928741732 80.2125 149.245409556
1417 -81.762092459 71.983506468 148.020403764
1418 -86.770899794 65.959465107 144.673625702
1419 -91.403495808 71.560024158 136.794998554
1420 -97.633917025 75.886262079 132.631964191
1421 -97.633917025 84.538737921 132.631964191
1422 -91.403495808 88.864975842 136.794998554
1423 -85.17307459 84.538737921 140.958032916
1424 -85.17307459 75.886262079 140.958032916
1425 -90.642132614 80.2125 135.65553801
1426 -140.101841848 63.754512936 93.613057856
1427 -144.673625702 65.959465107 86.770899794
1428 -148.020403764 71.983506468 81.762092459
1429 -149.245409556 80.2125 79.928741732
1430 -148.020403764 88.441493532 81.762092459
1431 -144.673625702 94.465534893 86.770899794
1432 -140.101841848 96.670487064 93.613057856
1433 -135.530057994 94.465534893 100.455215918
1434 -132.183279931 88.441493532 105.464023252
1435 -130.95827414 80.2125 107.297373979
1436 -132.183279931 71.983506468 105.464023252
1437 -135.530057994 65.959465107 100.455215918
1438 -136.794998554 71.560024158 91.403495808
1439 -140.958032916 75.886262079 85.17307459
1440 -140.958032916 84.538737921 85.17307459
1441 -136.794998554 88.864975842 91.403495808
1442 -132.631964191 84.538737921 97.633917025
1443 -132.631964191 75.886262079 97.633917025
1444 -135.65553801 80.2125 90.642132614
1445 -165.261390445 63.754512936 32.87253441
1446 -166.866787443 65.959465107 24.801658681
1447 -168.042019612 71.983506468 18.893367586
1448 -168.472184441 80.2125 16.730782952
1449 -168.042019612 88.441493532 18.893367586
1450 -166.866787443 94.465534893 24.801658681
1451 -165.261390445 96.670487064 32.87253441
1452 -163.655993447 94.465534893 40.943410139
1453 -162.480761278 88.441493532 46.851701234
1454 -162.050596449 80.2125 49.014285867
1455 -162.480761278 71.983506468 46.851701234
1456 -163.655993447 65.959465107 40.943410139
1457 -161.360702819 71.560024158 32.0966394
1458 -162.822566084 75.886262079 24.747356479
1459 -162.822566084 84.538737921 24.747356479
1460 -161.360702819 88.864975842 32.0966394
1461 -159.898839555 84.538737921 39.445922321
1462 -159.898839555 75.886262079 39.445922321
1463 -160.016617465 80.2125 31.8292842
1464 -165.261390445 63.754512936 -32.87253441
1465 -163.655993447 65.959465107 -40.943410139
1466 -162.480761278 71.983506468 -46.851701234
1467 -162.050596449 80.2125 -49.014285867
1468 -162.480761278 88.441493532 -46.851701234
1469 -163.655993447 94.465534893 -40.943410139
1470 -165.261390445 96.670487064 -32.87253441
1471 -166.866787443 94.465534893 -24.801658681
1472 -168.042019612 88.441493532 -18.893367586
1473 -168.472184441 80.2125 -16.730782952
1474 -168.042019612 71.983506468 -18.893367586
1475 -166.866787443 65.959465107 -24.801658681
1476 -161.360702819 71.560024158 -32.0966394
1477 -159.898839555 75.886262079 -39.445922321
1478 -159.898839555 84.538737921 -39.445922321
1479 -161.360702819 88.864975842 -32.0966394
1480 -162.822566084 84.538737921 -24.747356479
1481 -162.822566084 75.886262079 -24.747356479
1482 -160.016617465 80.2125 -31.8292842
1483 -140.101841848 63.754512936 -93.613057856
1484 -135.530057994 65.959465107 -100.455215918
1485 -132.183279931 71.983506468 -105.464023252
1486 -130.95827414 80.2125 -107.297373979
1487 -132.183279931 88.441493532 -105.464023252
1488 -135.530057994 94.465534893 -100.455215918
1489 -140.101841848 96.670487064 -93.613057856
1490 -144.673625702 94.465534893 -86.770899794
1491 -148.020403764 88.441493532 -81.762092459
1492 -149.245409556 80.2125 -79.928741732
1493 -148.020403764 71.983506468 -81.762092459
1494 -144.673625702 65.959465107 -86.770899794
1495 -136.794998554 71.560024158 -91.403495808
1496 -132.631964191 75.886262079 -97.633917025
1497 -132.631964191 84.538737921 -97.633917025
1498 -136.794998554 88.864975842 -91.403495808
1499 -140.958032916 84.538737921 -85.17307459
1500 -140.958032916 75.886262079 -85.17307459
1501 -135.65553801 80.2125 -90.642132614
1502 -93.613057856 63.754512936 -140.101841848
1503 -86.770899794 65.959465107 -144.673625702
1504 -81.762092459 71.983506468 -148.020403764
1505 -79.928741732 80.2125 -149.245409556
1506 -81.762092459 88.441493532 -148.020403764
1507 -86.770899794 94.465534893 -144.673625702
1508 -93.613057856 96.670487064 -140.101841848
1509 -100.455215918 94.465534893 -135.530057994
1510 -105.464023252 88.441493532 -132.183279931
1511 -107.297373979 80.2125 -130.95827414
1512 -105.464023252 71.983506468 -132.183279931
1513 -100.455215918 65.959465107 -135.530057994
1514 -91.403495808 71.560024158 -136.794998554
1515 -85.17307459 75.886262079 -140.958032916
1516 -85.17307459 84.538737921 -140.958032916
1517 -91.403495808 88.864975842 -136.794998554
1518 -97.633917025 84.538737921 -132.631964191
1519 -97.633917025 75.886262079 -132.631964191
1520 -90.642132614 80.2125 -135.65553801
1521 -32.87253441 63.754512936 -165.261390445
1522 -24.801658681 65.959465107 -166.866787443
1523 -18.893367586 71.983506468 -168.042019612
1524 -16.730782952 80.2125 -168.472184441
1525 -18.893367586 88.441493532 -168.042019612
1526 -24.801658681 94.465534893 -166.866787443
1527 -32.87253441 96.670487064 -165.261390445
1528 -40.943410139 94.465534893 -163.655993447
1529 -46.851701234 88.441493532 -162.480761278
1530 -49.014285867 80.2125 -162.050596449
1531 -46.851701234 71.983506468 -162.480761278
1532 -40.943410139 65.959465107 -163.655993447
1533 -32.0966394 71.560024158 -161.360702819
1534 -24.747356479 75.886262079 -162.822566084
1535 -24.747356479 84.538737921 -162.822566084
1536 -32.0966394 88.864975842 -161.360702819
1537 -39.445922321 84.538737921 -159.898839555
1538 -39.445922321 75.886262079 -159.898839555
1539 -31.8292842 80.2125 -160.016617465
1540 32.87253441 63.754512936 -165.261390445
1541 40.943410139 65.959465107 -163.655993447
1542 46.851701234 71.983506468 -162.480761278
1543 49.014285867 80.2125 -162.050596449
1544 46.851701234 88.441493532 -162.480761278
1545 40.943410139 94.465534893 -163.655993447
1546 32.87253441 96.670487064 -165.261390445
1547 24.801658681 94.465534893 -166.866787443
1548 18.893367586 88.441493532 -168.042019612
1549 16.730782952 80.2125 -168.472184441
1550 18.893367586 71.983506468 -168.042019612
1551 24.801658681 65.959465107 -166.866787443
1552 32.0966394 71.560024158 -161.360702819
1553 39.445922321 75.886262079 -159.898839555
1554 39.445922321 84.538737921 -159.898839555
1555 32.0966394 88.864975842 -161.360702819
1556 24.747356479 84.538737921 -162.822566084
1557 24.747356479 75.886262079 -162.822566084
1558 31.8292842 80.2125 -160.016617465
1559 93.613057856 63.754512936 -140.101841848
1560 100.455215918 65.959465107 -135.530057994
1561 105.464023252 71.983506468 -132.183279931
1562 107.297373979 80.2125 -130.95827414
1563 105.464023252 88.441493532 -132.183279931
1564 100.455215918 94.465534893 -135.530057994
1565 93.613057856 96.670487064 -140.101841848
1566 86.770899794 94.465534893 -144.673625702
1567 81.762092459 88.441493532 -148.020403764
1568 79.928741732 80.2125 -149.245409556
1569 81.762092459 71.983506468 -148.020403764
1570 86.770899794 65.959465107 -144.673625702
1571 91.403495808 71.560024158 -136.794998554
1572 97.633917025 75.886262079 -132.631964191
1573 97.633917025 84.538737921 -132.631964191
1574 91.403495808 88.864975842 -136.794998554
1575 85.17307459 84.538737921 -140.958032916
1576 85.17307459 75.886262079 -140.958032916
1577 90.642132614 80.2125 -135.65553801
1578 140.101841848 63.754512936 -93.613057856
1579 144.673625702 65.959465107 -86.770899794
1580 148.020403764 71.983506468 -81.762092459
1581 149.245409556 80.2125 -79.928741732
1582 148.020403764 88.441493532 -81.762092459
1583 144.673625702 94.465534893 -86.770899794
1584 140.101841848 96.670487064 -93.613057856
1585 135.530057994 94.465534893 -100.455215918
1586 132.183279931 88.441493532 -105.464023252
1587 130.95827414 80.2125 -107.297373979
1588 132.183279931 71.983506468 -105.464023252
1589 135.530057994 65.959465107 -100.455215918
1590 136.794998554 71.560024158 -91.403495808
1591 140.958032916 75.886262079 -85.17307459
1592 140.958032916 84.538737921 -85.17307459
1593 136.794998554 88.864975842 -91.403495808
1594 132.631964191 84.538737921 -97.633917025
1595 132.631964191 75.886262079 -97.633917025
1596 135.65553801 80.2125 -90.642132614
1597 165.261390445 63.754512936 -32.87253441
1598 166.866787443 65.959465107 -24.801658681
1599 168.042019612 71.983506468 -18.893367586
1600 168.472184441 80.2125 -16.730782952
1601 168.042019612 88.441493532 -18.893367586
1602 166.866787443 94.465534893 -24.801658681
1603 165.261390445 96.670487064 -32.87253441
1604 163.655993447 94.465534893 -40.943410139
1605 162.480761278 88.441493532 -46.851701234
1606 162.050596449 80.2125 -49.014285867
1607 162.480761278 71.983506468 -46.851701234
1608 163.655993447 65.959465107 -40.943410139
1609 161.360702819 71.560024158 -32.0966394
1610 162.822566084 75.886262079 -24.747356479
1611 162.822566084 84.538737921 -24.747356479
1612 161.360702819 88.864975842 -32.0966394
1613 159.898839555 84.538737921 -39.445922321
1614 159.898839555 75.886262079 -39.445922321
1615 160.016617465 80.2125 -31.8292842
1616 -99.542012936 133.399052491 -58
1617 -101.746965107 133.399052491 -49.771006468
1618 -107.771006468 133.399052491 -43.746965107
1619 -116 133.399052491 -41.542012936
1620 -124.228993532 133.399052491 -43.746965107
1621 -130.253034893 133.399052491 -49.771006468
1622 -132.457987064 133.399052491 -58
1623 -130.253034893 133.399052491 -66.228993532
1624 -124.228993532 133.399052491 -72.253034893
1625 -116 133.399052491 -74.457987064
1626 -107.771006468 133.399052491 -72.253034893
1627 -101.746965107 133.399052491 -66.228993532
1628 -107.347524158 129.421945877 -58
1629 -111.673762079 129.421945877 -50.506736115
1630 -120.326237921 129.421945877 -50.506736115
1631 -124.652475842 129.421945877 -58
1632 -120.326237921 129.421945877 -65.493263885
1633 -111.673762079 129.421945877 -65.493263885
1634 -116 128.051528333 -58
1635 -99.542012936 133.399052491 0
1636 -101.746965107 133.399052491 8.228993532
1637 -107.771006468 133.399052491 14.253034893
1638 -116 133.399052491 16.457987064
1639 -124.228993532 133.399052491 14.253034893
1640 -130.253034893 133.399052491 8.228993532
1641 -132.457987064 133.399052491 0
1642 -130.253034893 133.399052491 -8.228993532
1643 -124.228993532 133.399052491 -14.253034893
1644 -116 133.399052491 -16.457987064
1645 -107.771006468 133.399052491 -14.253034893
1646 -101.746965107 133.399052491 -8.228993532
1647 -107.347524158 129.421945877 0
1648 -111.673762079 129.421945877 7.493263885
1649 -120.326237921 129.421945877 7.493263885
1650 -124.652475842 129.421945877 0
1651 -120.326237921 129.421945877 -7.493263885
1652 -111.673762079 129.421945877 -7.493263885
1653 -116 128.051528333 0
1654 -99.542012936 133.399052491 58
1655 -101.746965107 133.399052491 66.228993532
1656 -107.771006468 133.399052491 72.253034893
1657 -116 133.399052491 74.457987064
1658 -124.228993532 133.399052491 72.253034893
1659 -130.253034893 133.399052491 66.228993532
1660 -132.457987064 133.399052491 58
1661 -130.253034893 133.399052491 49.771006468
1662 -124.228993532 133.399052491 43.746965107
1663 -116 133.399052491 41.542012936
1664 -107.771006468 133.399052491 43.746965107
1665 -101.746965107 133.399052491 49.771006468
1666 -107.347524158 129.421945877 58
1667 -111.673762079 129.421945877 65.493263885
1668 -120.326237921 129.421945877 65.493263885
1669 -124.652475842 129.421945877 58
1670 -120.326237921 129.421945877 50.506736115
1671 -111.673762079 129.421945877 50.506736115
1672 -116 128.051528333 58
1673 -41.542012936 133.399052491 -116
1674 -43.746965107 133.399052491 -107.771006468
1675 -49.771006468 133.399052491 -101.746965107
1676 -58 133.399052491 -99.542012936
1677 -66.228993532 133.399052491 -101.746965107
1678 -72.253034893 133.399052491 -107.771006468
1679 -74.457987064 133.399052491 -116
1680 -72.253034893 133.399052491 -124.228993532
1681 -66.228993532 133.399052491 -130.253034893
1682 -58 133.399052491 -132.457987064
1683 -49.771006468 133.399052491 -130.253034893
1684 -43.746965107 133.399052491 -124.228993532
1685 -49.347524158 129.421945877 -116
1686 -53.673762079 129.421945877 -108.506736115
1687 -62.326237921 129.421945877 -108.506736115
1688 -66.652475842 129.421945877 -116
1689 -62.326237921 129.421945877 -123.493263885
1690 -53.673762079 129.421945877 -123.493263885
1691 -58 128.051528333 -116
1692 -41.542012936 133.399052491 -58
1693 -43.746965107 133.399052491 -49.771006468
1694 -49.771006468 133.399052491 -43.746965107
1695 -58 133.399052491 -41.542012936
1696 -66.228993532 133.399052491 -43.746965107
1697 -72.253034893 133.399052491 -49.771006468
1698 -74.457987064 133.399052491 -58
1699 -72.253034893 133.399052491 -66.228993532
1700 -66.228993532 133.399052491 -72.253034893
1701 -58 133.399052491 -74.457987064
1702 -49.771006468 133.399052491 -72.253034893
1703 -43.746965107 133.399052491 -66.228993532
1704 -49.347524158 129.421945877 -58
1705 -53.673762079 129.421945877 -50.506736115
1706 -62.326237921 129.421945877 -50.506736115
1707 -66.652475842 129.421945877 -58
1708 -62.326237921 129.421945877 -65.493263885
1709 -53.673762079 129.421945877 -65.493263885
1710 -58 128.051528333 -58
1711 -41.542012936 133.399052491 0
1712 -43.746965107 133.399052491 8.228993532
1713 -49.771006468 133.399052491 14.253034893
1714 -58 133.399052491 16.457987064
1715 -66.228993532 133.399052491 14.253034893
1716 -72.253034893 133.399052491 8.228993532
1717 -74.457987064 133.399052491 0
1718 -72.253034893 133.399052491 -8.228993532
1719 -66.228993532 133.399052491 -14.253034893
1720 -58 133.399052491 -16.457987064
1721 -49.771006468 133.399052491 -14.253034893
1722 -43.746965107 133.399052491 -8.228993532
1723 -49.347524158 129.421945877 0
1724 -53.673762079 129.421945877 7.493263885
1725 -62.326237921 129.421945877 7.493263885
1726 -66.652475842 129.421945877 0
1727 -62.326237921 129.421945877 -7.493263885
1728 -53.673762079 129.421945877 -7.493263885
1729 -58 128.051528333 0
1730 -41.542012936 133.399052491 58
1731 -43.746965107 133.399052491 66.228993532
1732 -49.771006468 133.399052491 72.253034893
1733 -58 133.399052491 74.457987064
1734 -66.228993532 133.399052491 72.253034893
1735 -72.253034893 133.399052491 66.228993532
1736 -74.457987064 133.399052491 58
1737 -72.253034893 133.399052491 49.771006468
1738 -66.228993532 133.399052491 43.746965107
1739 -58 133.399052491 41.542012936
1740 -49.771006468 133.399052491 43.746965107
1741 -43.746965107 133.399052491 49.771006468
1742 -49.347524158 129.421945877 58
1743 -53.673762079 129.421945877 65.493263885
1744 -62.326237921 129.421945877 65.493263885
1745 -66.652475842 129.421945877 58
1746 -62.326237921 129.421945877 50.506736115
1747 -53.673762079 129.421945877 50.506736115
1748 -58 128.051528333 58
1749 -41.542012936 133.399052491 116
1750 -43.746965107 133.399052491 124.228993532
1751 -49.771006468 133.399052491 130.253034893
1752 -58 133.399052491 132.457987064
1753 -66.228993532 133.399052491 130.253034893
1754 -72.253034893 133.399052491 124.228993532
1755 -74.457987064 133.399052491 116
1756 -72.253034893 133.399052491 107.771006468
1757 -66.228993532 133.399052491 101.746965107
1758 -58 133.399052491 99.542012936
1759 -49.771006468 133.399052491 101.746965107
1760 -43.746965107 133.399052491 107.771006468
1761 -49.347524158 129.421945877 116
1762 -53.673762079 129.421945877 123.493263885
1763 -62.326237921 129.421945877 123.493263885
1764 -66.652475842 129.421945877 116
1765 -62.326237921 129.421945877 108.506736115
1766 -53.673762079 129.421945877 108.506736115
1767 -58 128.051528333 116
1768 16.457987064 133.399052491 -116
1769 14.253034893 133.399052491 -107.771006468
1770 8.228993532 133.399052491 -101.746965107
1771 0 133.399052491 -99.542012936
1772 -8.228993532 133.399052491 -101.746965107
1773 -14.253034893 133.399052491 -107.771006468
1774 -16.457987064 133.399052491 -116
1775 -14.253034893 133.399052491 -124.228993532
1776 -8.228993532 133.399052491 -130.253034893
1777 0 133.399052491 -132.457987064
1778 8.228993532 133.399052491 -130.253034893
1779 14.253034893 133.399052491 -124.228993532
1780 8.652475842 129.421945877 -116
1781 4.326237921 129.421945877 -108.506736115
1782 -4.326237921 129.421945877 -108.506736115
1783 -8.652475842 129.421945877 -116
1784 -4.326237921 129.421945877 -123.493263885
1785 4.326237921 129.421945877 -123.493263885
1786 0 128.051528333 -116
1787 16.457987064 133.399052491 -58
1788 14.253034893 133.399052491 -49.771006468
1789 8.228993532 133.399052491 -43.746965107
1790 0 133.399052491 -41.542012936
1791 -8.228993532 133.399052491 -43.746965107
1792 -14.253034893 133.399052491 -49.771006468
1793 -16.457987064 133.399052491 -58
1794 -14.253034893 133.399052491 -66.228993532
1795 -8.228993532 133.399052491 -72.253034893
1796 0 133.399052491 -74.457987064
1797 8.228993532 133.399052491 -72.253034893
1798 14.253034893 133.399052491 -66.228993532
1799 8.652475842 129.421945877 -58
1800 4.326237921 129.421945877 -50.506736115
1801 -4.326237921 129.421945877 -50.506736115
1802 -8.652475842 129.421945877 -58
1803 -4.326237921 129.421945877 -65.493263885
1804 4.326237921 129.421945877 -65.493263885
1805 0 128.051528333 -58
1806 16.457987064 133.399052491 0
1807 14.253034893 133.399052491 8.228993532
1808 8.228993532 133.399052491 14.253034893
1809 0 133.399052491 16.457987064
1810 -8.228993532 133.399052491 14.253034893
1811 -14.253034893 133.399052491 8.228993532
1812 -16.457987064 133.399052491 0
1813 -14.253034893 133.399052491 -8.228993532
1814 -8.228993532 133.399052491 -14.253034893
1815 0 133.399052491 -16.457987064
1816 8.228993532 133.399052491 -14.253034893
1817 14.253034893 133.399052491 -8.228993532
1818 8.652475842 129.421945877 0
1819 4.326237921 129.421945877 7.493263885
1820 -4.326237921 129.421945877 7.493263885
1821 -8.652475842 129.421945877 0
1822 -4.326237921 129.421945877 -7.493263885
1823 4.326237921 129.421945877 -7.493263885
1824 0 128.051528333 0
1825 16.457987064 133.399052491 58
1826 14.253034893 133.399052491 66.228993532
1827 8.228993532 133.399052491 72.253034893
1828 0 133.399052491 74.457987064
1829 -8.228993532 133.399052491 72.253034893
1830 -14.253034893 133.399052491 66.228993532
1831 -16.457987064 133.399052491 58
1832 -14.253034893 133.399052491 49.771006468
1833 -8.228993532 133.399052491 43.746965107
1834 0 133.399052491 41.542012936
1835 8.228993532 133.399052491 43.746965107
1836 14.253034893 133.399052491 49.771006468
1837 8.652475842 129.421945877 58
1838 4.326237921 129.421945877 65.493263885
1839 -4.326237921 129.421945877 65.493263885
1840 -8.652475842 129.421945877 58
1841 -4.326237921 129.421945877 50.506736115
1842 4.326237921 129.421945877 50.506736115
1843 0 128.051528333 58
1844 16.457987064 133.399052491 116
1845 14.253034893 133.399052491 124.228993532
1846 8.228993532 133.399052491 130.253034893
1847 0 133.399052491 132.457987064
1848 -8.228993532 133.399052491 130.253034893
1849 -14.253034893 133.399052491 124.228993532
1850 -16.457987064 133.399052491 116
1851 -14.253034893 133.399052491 107.771006468
1852 -8.228993532 133.399052491 101.746965107
1853 0 133.399052491 99.542012936
1854 8.228993532 133.399052491 101.746965107
1855 14.253034893 133.399052491 107.771006468
1856 8.652475842 129.421945877 116
1857 4.326237921 129.421945877 123.493263885
1858 -4.326237921 129.421945877 123.493263885
1859 -8.652475842 129.421945877 116
1860 -4.326237921 129.421945877 108.506736115
1861 4.326237921 129.421945877 108.506736115
1862 0 128.051528333 116
1863 74.457987064 133.399052491 -116
1864 72.253034893 133.399052491 -107.771006468
1865 66.228993532 133.399052491 -101.746965107
1866 58 133.399052491 -99.542012936
1867 49.771006468 133.399052491 -101.746965107
1868 43.746965107 133.399052491 -107.771006468
1869 41.542012936 133.399052491 -116
1870 43.746965107 133.399052491 -124.228993532
1871 49.771006468 133.399052491 -130.253034893
1872 58 133.399052491 -132.457987064
1873 66.228993532 133.399052491 -130.253034893
1874 72.253034893 133.399052491 -124.228993532
1875 66.652475842 129.421945877 -116
1876 62.326237921 129.421945877 -108.506736115
1877 53.673762079 129.421945877 -108.506736115
1878 49.347524158 129.421945877 -116
1879 53.673762079 129.421945877 -123.493263885
1880 62.326237921 129.421945877 -123.493263885
1881 58 128.051528333 -116
1882 74.457987064 133.399052491 -58
1883 72.253034893 133.399052491 -49.771006468
1884 66.228993532 133.399052491 -43.746965107
1885 58 133.399052491 -41.542012936
1886 49.771006468 133.399052491 -43.746965107
1887 43.746965107 133.399052491 -49.771006468
1888 41.542012936 133.399052491 -58
1889 43.746965107 133.399052491 -66.228993532
1890 49.771006468 133.399052491 -72.253034893
1891 58 133.399052491 -74.457987064
1892 66.228993532 133.399052491 -72.253034893
1893 72.253034893 133.399052491 -66.228993532
1894 66.652475842 129.421945877 -58
1895 62.326237921 129.421945877 -50.506736115
1896 53.673762079 129.421945877 -50.506736115
1897 49.347524158 129.421945877 -58
1898 53.673762079 129.421945877 -65.493263885
1899 62.326237921 129.421945877 -65.493263885
1900 58 128.051528333 -58
1901 74.457987064 133.399052491 0
1902 72.253034893 133.399052491 8.228993532
1903 66.228993532 133.399052491 14.253034893
1904 58 133.399052491 16.457987064
1905 49.771006468 133.399052491 14.253034893
1906 43.746965107 133.399052491 8.228993532
1907 41.542012936 133.399052491 0
1908 43.746965107 133.399052491 -8.228993532
1909 49.771006468 133.399052491 -14.253034893
1910 58 133.399052491 -16.457987064
1911 66.228993532 133.399052491 -14.253034893
1912 72.253034893 133.399052491 -8.228993532
1913 66.652475842 129.421945877 0
1914 62.326237921 129.421945877 7.493263885
1915 53.673762079 129.421945877 7.493263885
1916 49.347524158 129.421945877 0
1917 53.673762079 129.421945877 -7.493263885
1918 62.326237921 129.421945877 -7.493263885
1919 58 128.051528333 0
1920 74.457987064 133.399052491 58
1921 72.253034893 133.399052491 66.228993532
1922 66.228993532 133.399052491 72.253034893
1923 58 133.399052491 74.457987064
1924 49.771006468 133.399052491 72.253034893
1925 43.746965107 133.399052491 66.228993532
1926 41.542012936 133.399052491 58
1927 43.746965107 133.399052491 49.771006468
1928 49.771006468 133.399052491 43.746965107
1929 58 133.399052491 41.542012936
1930 66.228993532 133.399052491 43.746965107
1931 72.253034893 133.399052491 49.771006468
1932 66.652475842 129.421945877 58
1933 62.326237921 129.421945877 65.493263885
1934 53.673762079 129.421945877 65.493263885
1935 49.347524158 129.421945877 58
1936 53.673762079 129.421945877 50.506736115
1937 62.326237921 129.421945877 50.506736115
1938 58 128.051528333 58
1939 74.457987064 133.399052491 116
1940 72.253034893 133.399052491 124.228993532
1941 66.228993532 133.399052491 130.253034893
1942 58 133.399052491 132.457987064
1943 49.771006468 133.399052491 130.253034893
1944 43.746965107 133.399052491 124.228993532
1945 41.542012936 133.399052491 116
1946 43.746965107 133.399052491 107.771006468
1947 49.771006468 133.399052491 101.746965107
1948 58 133.399052491 99.542012936
1949 66.228993532 133.399052491 101.746965107
1950 72.253034893 133.399052491 107.771006468
1951 66.652475842 129.421945877 116
1952 62.326237921 129.421945877 123.493263885
1953 53.673762079 129.421945877 123.493263885
1954 49.347524158 129.421945877 116
1955 53.673762079 129.421945877 108.506736115
1956 62.326237921 129.421945877 108.506736115
1957 58 128.051528333 116
1958 132.457987064 133.399052491 -58
1959 130.253034893 133.399052491 -49.771006468
1960 124.228993532 133.399052491 -43.746965107
1961 116 133.399052491 -41.542012936
1962 107.771006468 133.399052491 -43.746965107
1963 101.746965107 133.399052491 -49.771006468
1964 99.542012936 133.399052491 -58
1965 101.746965107 133.399052491 -66.228993532
1966 107.771006468 133.399052491 -72.253034893
1967 116 133.399052491 -74.457987064
1968 124.228993532 133.399052491 -72.253034893
1969 130.253034893 133.399052491 -66.228993532
1970 124.652475842 129.421945877 -58
1971 120.326237921 129.421945877 -50.506736115
1972 111.673762079 129.421945877 -50.506736115
1973 107.347524158 129.421945877 -58
1974 111.673762079 129.421945877 -65.493263885
1975 120.326237921 129.421945877 -65.493263885
1976 116 128.051528333 -58
1977 132.457987064 133.399052491 0
1978 130.253034893 133.399052491 8.228993532
1979 124.228993532 133.399052491 14.253034893
1980 116 133.399052491 16.457987064
1981 107.771006468 133.399052491 14.253034893
1982 101.746965107 133.399052491 8.228993532
1983 99.542012936 133.399052491 0
1984 101.746965107 133.399052491 -8.228993532
1985 107.771006468 133.399052491 -14.253034893
1986 116 133.399052491 -16.457987064
1987 124.228993532 133.399052491 -14.253034893
1988 130.253034893 133.399052491 -8.228993532
1989 124.652475842 129.421945877 0
1990 120.326237921 129.421945877 7.493263885
1991 111.673762079 129.421945877 7.493263885
1992 107.347524158 129.421945877 0
1993 111.673762079 129.421945877 -7.493263885
1994 120.326237921 129.421945877 -7.493263885
1995 116 128.051528333 0
1996 132.457987064 133.399052491 58
1997 130.253034893 133.399052491 66.228993532
1998 124.228993532 133.399052491 72.253034893
1999 116 133.399052491 74.457987064
2000 107.771006468 133.399052491 72.253034893
2001 101.746965107 133.399052491 66.228993532
2002 99.542012936 133.399052491 58
2003 101.746965107 133.399052491 49.771006468
2004 107.771006468 133.399052491 43.746965107
2005 116 133.399052491 41.542012936
2006 124.228993532 133.399052491 43.746965107
2007 130.253034893 133.399052491 49.771006468
2008 124.652475842 129.421945877 58
2009 120.326237921 129.421945877 65.493263885
2010 111.673762079 129.421945877 65.493263885
2011 107.347524158 129.421945877 58
2012 111.673762079 129.421945877 50.506736115
2013 120.326237921 129.421945877 50.506736115
2014 116 128.051528333 58
