19 160.016617465 58.78 31.8292842
38 135.65553801 58.78 90.642132614
57 90.642132614 58.78 135.65553801
76 31.8292842 58.78 160.016617465
95 -31.8292842 58.78 160.016617465
114 -90.642132614 58.78 135.65553801
133 -135.65553801 58.78 90.642132614
152 -160.016617465 58.78 31.8292842
171 -160.016617465 58.78 -31.8292842
190 -135.65553801 58.78 -90.642132614
209 -90.642132614 58.78 -135.65553801
228 -31.8292842 58.78 -160.016617465
247 31.8292842 58.78 -160.016617465
266 90.642132614 58.78 -135.65553801
285 135.65553801 58.78 -90.642132614
304 160.016617465 58.78 -31.8292842
323 160.016617465 0 31.8292842
342 135.65553801 0 90.642132614
361 90.642132614 0 135.65553801
380 31.8292842 0 160.016617465
399 -31.8292842 0 160.016617465
418 -90.642132614 0 135.65553801
437 -135.65553801 0 90.642132614
456 -160.016617465 0 31.8292842
475 -160.016617465 0 -31.8292842
494 -135.65553801 0 -90.642132614
513 -90.642132614 0 -135.65553801
532 -31.8292842 0 -160.016617465
551 31.8292842 0 -160.016617465
570 90.642132614 0 -135.65553801
589 135.65553801 0 -90.642132614
608 160.016617465 0 -31.8292842
627 160.016617465 -58.78 31.8292842
646 135.65553801 -58.78 90.642132614
665 90.642132614 -58.78 135.65553801
684 31.8292842 -58.78 160.016617465
703 -31.8292842 -58.78 160.016617465
722 -90.642132614 -58.78 135.65553801
741 -135.65553801 -58.78 90.642132614
760 -160.016617465 -58.78 31.8292842
779 -160.016617465 -58.78 -31.8292842
798 -135.65553801 -58.78 -90.642132614
817 -90.642132614 -58.78 -135.65553801
836 -31.8292842 -58.78 -160.016617465
855 31.8292842 -58.78 -160.016617465
874 90.642132614 -58.78 -135.65553801
893 135.65553801 -58.78 -90.642132614
912 160.016617465 -58.78 -31.8292842
931 160.016617465 -117.56 31.8292842
950 135.65553801 -117.56 90.642132614
969 90.642132614 -117.56 135.65553801
988 31.8292842 -117.56 160.016617465
1007 -31.8292842 -117.56 160.016617465
1026 -90.642132614 -117.56 135.65553801
1045 -135.65553801 -117.56 90.642132614
1064 -160.016617465 -117.56 31.8292842
1083 -160.016617465 -117.56 -31.8292842
1102 -135.65553801 -117.56 -90.642132614
1121 -90.642132614 -117.56 -135.65553801
1140 -31.8292842 -117.56 -160.016617465
1159 31.8292842 -117.56 -160.016617465
1178 90.642132614 -117.56 -135.65553801
1197 135.65553801 -117.56 -90.642132614
1216 160.016617465 -117.56 -31.8292842
1235 -116 -168.051528333 -58
1254 -116 -168.051528333 0
1273 -116 -168.051528333 58
1292 -58 -168.051528333 -116
1311 -58 -168.051528333 -58
1330 -58 -168.051528333 0
1349 -58 -168.051528333 58
1368 -58 -168.051528333 116
1387 0 -168.051528333 -116
1406 0 -168.051528333 -58
1425 0 -168.051528333 0
1444 0 -168.051528333 58
1463 0 -168.051528333 116
1482 58 -168.051528333 -116
1501 58 -168.051528333 -58
1520 58 -168.051528333 0
1539 58 -168.051528333 58
1558 58 -168.051528333 116
1577 116 -168.051528333 -58
1596 116 -168.051528333 0
1615 116 -168.051528333 58
1634 160.016617465 117.56 31.8292842
1653 135.65553801 117.56 90.642132614
1672 90.642132614 117.56 135.65553801
1691 31.8292842 117.56 160.016617465
1710 -31.8292842 117.56 160.016617465
1729 -90.642132614 117.56 135.65553801
1748 -135.65553801 117.56 90.642132614
1767 -160.016617465 117.56 31.8292842
1786 -160.016617465 117.56 -31.8292842
1805 -135.65553801 117.56 -90.642132614
1824 -90.642132614 117.56 -135.65553801
1843 -31.8292842 117.56 -160.016617465
1862 31.8292842 117.56 -160.016617465
1881 90.642132614 117.56 -135.65553801
1900 135.65553801 117.56 -90.642132614
1919 160.016617465 117.56 -31.8292842
1938 -116 168.051528333 -58
1957 -116 168.051528333 0
1976 -116 168.051528333 58
1995 -58 168.051528333 -116
2014 -58 168.051528333 -58
2033 -58 168.051528333 0
2052 -58 168.051528333 58
2071 -58 168.051528333 116
2090 0 168.051528333 -116
2109 0 168.051528333 -58
2128 0 168.051528333 0
2147 0 168.051528333 58
2166 0 168.051528333 116
2185 58 168.051528333 -116
2204 58 168.051528333 -58
2223 58 168.051528333 0
2242 58 168.051528333 58
2261 58 168.051528333 116
2280 116 168.051528333 -58
2299 116 168.051528333 0
2318 116 168.051528333 58
