19 160.016617465 26.7375 31.8292842
38 135.65553801 26.7375 90.642132614
57 90.642132614 26.7375 135.65553801
76 31.8292842 26.7375 160.016617465
95 -31.8292842 26.7375 160.016617465
114 -90.642132614 26.7375 135.65553801
133 -135.65553801 26.7375 90.642132614
152 -160.016617465 26.7375 31.8292842
171 -160.016617465 26.7375 -31.8292842
190 -135.65553801 26.7375 -90.642132614
209 -90.642132614 26.7375 -135.65553801
228 -31.8292842 26.7375 -160.016617465
247 31.8292842 26.7375 -160.016617465
266 90.642132614 26.7375 -135.65553801
285 135.65553801 26.7375 -90.642132614
304 160.016617465 26.7375 -31.8292842
323 160.016617465 -26.7375 31.8292842
342 135.65553801 -26.7375 90.642132614
361 90.642132614 -26.7375 135.65553801
380 31.8292842 -26.7375 160.016617465
399 -31.8292842 -26.7375 160.016617465
418 -90.642132614 -26.7375 135.65553801
437 -135.65553801 -26.7375 90.642132614
456 -160.016617465 -26.7375 31.8292842
475 -160.016617465 -26.7375 -31.8292842
494 -135.65553801 -26.7375 -90.642132614
513 -90.642132614 -26.7375 -135.65553801
532 -31.8292842 -26.7375 -160.016617465
551 31.8292842 -26.7375 -160.016617465
570 90.642132614 -26.7375 -135.65553801
589 135.65553801 -26.7375 -90.642132614
608 160.016617465 -26.7375 -31.8292842
627 160.016617465 -80.2125 31.8292842
646 135.65553801 -80.2125 90.642132614
665 90.642132614 -80.2125 135.65553801
684 31.8292842 -80.2125 160.016617465
703 -31.8292842 -80.2125 160.016617465
722 -90.642132614 -80.2125 135.65553801
741 -135.65553801 -80.2125 90.642132614
760 -160.016617465 -80.2125 31.8292842
779 -160.016617465 -80.2125 -31.8292842
798 -135.65553801 -80.2125 -90.642132614
817 -90.642132614 -80.2125 -135.65553801
836 -31.8292842 -80.2125 -160.016617465
855 31.8292842 -80.2125 -160.016617465
874 90.642132614 -80.2125 -135.65553801
893 135.65553801 -80.2125 -90.642132614
912 160.016617465 -80.2125 -31.8292842
931 -116 -128.051528333 -58
950 -116 -128.051528333 0
969 -116 -128.051528333 58
988 -58 -128.051528333 -116
1007 -58 -128.051528333 -58
1026 -58 -128.051528333 0
1045 -58 -128.051528333 58
1064 -58 -128.051528333 116
1083 0 -128.051528333 -116
1102 0 -128.051528333 -58
1121 0 -128.051528333 0
1140 0 -128.051528333 58
1159 0 -128.051528333 116
1178 58 -128.051528333 -116
1197 58 -128.051528333 -58
1216 58 -128.051528333 0
1235 58 -128.051528333 58
1254 58 -128.051528333 116
1273 116 -128.051528333 -58
1292 116 -128.051528333 0
1311 116 -128.051528333 58
1330 160.016617465 80.2125 31.8292842
1349 135.65553801 80.2125 90.642132614
1368 90.642132614 80.2125 135.65553801
1387 31.8292842 80.2125 160.016617465
1406 -31.8292842 80.2125 160.016617465
1425 -90.642132614 80.2125 135.65553801
1444 -135.65553801 80.2125 90.642132614
1463 -160.016617465 80.2125 31.8292842
1482 -160.016617465 80.2125 -31.8292842
1501 -135.65553801 80.2125 -90.642132614
1520 -90.642132614 80.2125 -135.65553801
1539 -31.8292842 80.2125 -160.016617465
1558 31.8292842 80.2125 -160.016617465
1577 90.642132614 80.2125 -135.65553801
1596 135.65553801 80.2125 -90.642132614
1615 160.016617465 80.2125 -31.8292842
1634 -116 128.051528333 -58
1653 -116 128.051528333 0
1672 -116 128.051528333 58
1691 -58 128.051528333 -116
1710 -58 128.051528333 -58
1729 -58 128.051528333 0
1748 -58 128.051528333 58
1767 -58 128.051528333 116
1786 0 128.051528333 -116
1805 0 128.051528333 -58
1824 0 128.051528333 0
1843 0 128.051528333 58
1862 0 128.051528333 116
1881 58 128.051528333 -116
1900 58 128.051528333 -58
1919 58 128.051528333 0
1938 58 128.051528333 58
1957 58 128.051528333 116
1976 116 128.051528333 -58
1995 116 128.051528333 0
2014 116 128.051528333 58
